1024
30782
33970
94700
75019
91890
20530
56164
28730
48574
45485
27369
26356
46852
12254
51646
80823
45243
52222
83050
76963
8457
15507
85513
67026
85063
39073
89617
23408
62145
19670
21369
15803
24413
68850
91436
36458
20799
42752
94942
85105
29180
64749
29834
56552
87317
43275
21923
8925
87251
69276
45130
31813
33230
75500
30655
21600
86459
26709
68218
86179
18493
48788
27934
98620
22630
28118
53450
64263
36750
44974
72041
24281
75839
10114
26158
92935
76308
47170
12227
29497
61206
40101
30154
86870
51187
45929
3374
61490
20831
12738
16543
77036
42052
5912
32073
2531
88943
65264
414
66465
20374
89829
72222
46435
49368
98340
4397
50138
27287
20539
76579
51251
82603
79944
30766
45401
35656
43960
61476
90301
73291
50656
92132
85576
51395
25011
20111
18018
3899
20252
73621
43653
17709
73761
68150
38542
81173
12979
57921
37862
72912
74382
9380
50149
77785
36775
83641
99830
47670
34006
59628
31523
74629
94362
16080
62781
72729
84360
34720
17256
39489
77613
35856
1298
93528
20077
34665
66366
34052
62530
53504
78711
45740
32064
80633
35914
56531
90186
32976
16605
418
28883
3516
30076
34345
55658
28783
88752
17752
10170
67139
86949
65386
52470
91694
2433
97133
99697
50292
54714
77409
90594
72429
28
1693
95321
55872
41654
66411
93464
4862
3480
60332
85364
57586
41616
74528
6026
13320
69087
1808
34226
89716
87325
71601
92754
42410
74359
52633
88990
75519
78407
97912
83691
33891
90756
44805
42230
51182
70860
94802
96816
45889
16618
8483
58131
41202
92983
93801
75830
3973
71267
28451
18354
35791
82165
86407
7807
97200
66220
8757
41177
11883
59926
98207
29380
85915
14379
59114
35500
75202
16495
68517
59826
57842
12062
34118
5233
91173
24701
11645
86852
194
96863
60737
41371
46473
57060
54328
91607
22053
92626
21042
81480
64193
26784
84131
76150
97176
19543
39176
43842
21022
83767
70157
26507
61066
91027
99834
40432
24405
64017
47068
65128
63552
19520
78179
31210
52641
94119
25530
94006
13577
30546
72660
29522
1784
4823
59849
62840
70157
53674
94438
86396
83898
87990
25884
38825
49072
54015
48959
90829
27098
27473
69449
38459
33095
41078
1533
557
2830
16373
96481
45722
19375
27198
8400
90012
72068
80747
40748
66832
43544
29498
33373
34224
68467
19438
54736
67558
3079
39718
88411
61841
18580
9605
63942
75297
93811
10991
43815
51576
73549
45582
96330
39665
80394
83686
34910
87849
85416
34306
16882
46273
26489
79064
12944
72031
58101
51117
92763
9896
79359
14663
65854
9173
17331
84938
97969
97453
20019
95180
89831
31810
62465
97957
62189
69554
62704
96889
27385
47732
24911
14874
97161
45545
97037
73894
70312
81114
7821
73623
97363
67350
25615
67793
16185
65500
61423
38652
52485
15322
63347
35516
35132
38456
46926
29397
19766
23139
24141
95953
57052
94178
48808
60934
15747
15618
19497
49873
76832
63125
36064
56145
57418
21543
64506
111
66122
78834
83879
61886
60636
75138
4884
88233
94354
35813
46511
91059
84045
64871
44151
75768
55893
52619
16101
53575
55350
60391
90318
1195
63668
33376
52256
4133
33199
33975
72929
11735
79709
16822
51308
51479
24432
5679
87668
30649
21705
80219
63826
55562
78954
19287
54568
67056
23383
972
22158
77756
11373
87120
73785
85658
6675
1199
40812
68044
81995
24028
38348
58607
74587
58862
35432
57364
92224
55243
41767
93266
66406
60511
90956
2737
86741
91964
99466
47792
51757
39967
90037
69531
46036
55307
33395
40888
91363
88256
99499
43984
18663
49960
32617
99750
52819
95994
60780
58330
36112
41677
69331
82382
24154
92224
95119
11939
20125
93677
33449
38550
15773
60438
79690
51796
41963
66478
15041
56239
57644
3658
894
35660
63328
13504
39862
12652
8584
31043
19748
67879
92565
88621
47729
86868
32391
62218
53633
78098
44349
7159
63800
19350
67318
32907
26562
8183
11585
24798
61471
56027
33040
73333
18445
66583
58228
55774
28861
56861
50986
88249
9264
41246
4309
56340
56937
32529
77594
10107
94913
34412
45006
45455
5200
16909
14695
42336
47659
72527
51171
93035
32081
68460
66840
55170
34471
43846
84014
492
77486
24600
24454
96325
70385
72502
53093
2450
22791
77553
6518
78189
55058
30561
65533
82109
46896
9625
12326
36736
86713
53337
3566
91160
13701
79909
16929
38676
90856
20646
57110
95788
17042
20601
68866
30616
2069
79653
39858
15854
32228
92235
86026
20568
92044
91366
20717
74035
72898
88979
42054
53468
68002
23921
79802
33435
59977
16071
58663
10787
89051
43899
45225
70186
488
63249
93304
26045
27875
28277
50250
87101
27850
45831
96698
5353
692
11316
70318
94511
2044
34527
99397
46630
58179
69505
84371
1427
98948
9748
83555
42886
97704
23263
85877
18092
95042
77766
46013
82451
72577
97889
5124
67943
33433
77146
5221
14065
84020
87130
59009
76574
48118
38469
42829
41592
53420
10259
82510
60883
79871
44936
9027
40012
75520
70725
30828
79648
3904
65779
52520
50044
82537
16359
90890
57959
92536
70358
92767
43671
90326
44007
66418
27634
57568
5740
66273
37371
6902
92433
4724
24243
14478
85128
15498
76713
15539
72844
55953
50941
77168
67527
17962
68877
55421
77446
93744
91230
49584
76676
41550
85488
95754
48990
9423
46815
20550
87578
99312
8360
56766
10371
20051
12777
80480
93798
29618
51963
27896
59378
84551
71357
2794
3974
98860
34242
29703
19573
45796
89315
33716
77302
73145
93970
7138
12131
51260
24938
14923
78944
27053
89964
67216
26893
3610
89419
18227
91992
5101
72688
84872
48033
44924
39003
30937
92390
47963
42294
85743
39171
34337
45678
26942
30224
57011
55095
13302
50284
4644
30181
99228
79374
58130
69910
12201
91728
14081
77308
60562
69917
44900
56951
65851
7571
34000
30272
31083
98390
99013
7752
82276
35978
39520
64241
90082
49425
83250
52787
5487
20882
40550
42925
56017
62213
93036
95930
99514
68611
62903
49825
5404
7737
51687
76800
29529
64501
83056
9597
72062
55327
15813
40283
96798
56427
66969
72587
43184
89676
42580
74115
82229
75711
19095
46872
94109
99321
69704
12750
91206
23881
22005
18381
48179
46939
14219
88708
13349
52876
66257
33503
14767
72918
65097
74237
28916
92487
58015
34936
97085
42863
38953
8040
30276
1439
18937
17891
6231
86900
96523
74218
75444
80562
52628
32978
98918
20176
33882
4655
73337
25837
64130
80351
80256
38488
45489
80835
55311
31146
4781
32083
29697
93432
96827
45636
66074
94691