8192
99814
78777
18257
69785
62712
96921
52095
9846
93156
65010
6365
99757
33738
31182
1437
30512
88007
62792
99964
13848
51985
83017
37064
8641
10898
24551
69815
66283
21467
2998
19204
63592
89797
58420
25878
88187
20149
77781
69109
68784
84213
66085
27622
89193
48177
37532
24287
15333
21740
25013
51381
37531
50396
42412
62390
42222
16187
60823
78811
31220
34649
87866
11943
92466
31309
30871
60628
65547
75614
49515
98781
35513
4403
79174
52221
34084
80272
87150
80736
84086
59882
68496
49706
87056
44210
27819
98881
38214
47388
60251
23782
58236
910
96647
29361
13926
58206
40697
25418
66935
12059
48644
77183
26370
37197
74056
43884
37178
42459
52691
35322
13110
18373
40944
28119
19018
8267
89450
63648
28531
43396
41772
49814
10229
25862
54116
33247
16067
70407
34246
99084
84660
49421
37843
70169
35640
6510
30426
61311
18538
10934
24414
22586
42334
58216
62049
1367
92369
41949
56015
60034
27650
60494
50283
90848
94707
17994
49347
17022
59996
92525
67385
66256
78202
28032
76741
51874
56960
44563
26240
84227
32790
47861
71110
9166
32528
36251
60366
77008
79827
30269
19237
36547
88544
95112
85645
87637
42986
32084
1961
99882
85160
56646
94437
13353
72992
5146
49387
89113
22706
81127
45224
27183
74209
11842
18963
60805
49010
75315
74033
73986
57258
31739
90384
47265
85347
71562
47844
45990
75572
46631
61253
62543
69050
16606
40360
31530
43905
23383
50106
60970
76114
97532
5024
44763
59897
47470
56177
34812
23762
46685
97335
81613
37107
85018
86253
1481
16565
29934
56500
90422
70109
52287
10798
86423
63773
41996
27250
70811
31723
434
70448
13891
1455
13593
69794
4641
27188
4075
51892
60465
88930
65790
80982
83499
60206
91131
98005
72130
97648
41948
1813
50779
16586
78912
51955
6511
39975
36220
8302
13114
20975
88094
16330
10103
53617
97565
83550
99576
94282
91923
43562
35920
36645
74178
26915
4809
58753
7126
34541
19371
52331
84405
6484
90582
42519
98042
13603
32108
25428
40847
8367
64447
75904
62035
32411
37608
94545
97791
5247
20226
31171
16448
95217
95003
73055
22335
71466
71280
90974
36924
99409
68711
7371
55470
95705
48453
85251
92097
14101
23335
19382
33850
4311
38941
19705
40991
89253
92253
80221
10640
97052
3385
24022
61191
55955
39845
4233
3439
79649
11968
8429
15994
5102
87989
28361
58529
49221
22822
75132
15106
90929
66896
25967
11426
9841
67815
22017
14186
93414
57267
62437
31627
99122
13680
95561
89222
74591
87494
18751
70906
44824
7438
51223
53460
266
46884
84548
64642
86488
78619
92400
50498
12254
27650
19910
30782
68890
86549
2281
98290
30347
15242
65614
90633
74330
66222
63386
73020
26504
95776
88027
76390
22752
97136
98922
97508
87135
23753
39886
86661
60312
33754
65015
31648
80088
3939
27159
94638
92562
42647
14043
76712
51501
68657
6419
30938
14917
20372
74912
39825
95965
9033
27104
49005
63458
63671
33940
6810
7701
12153
11349
30590
67914
87714
42881
91542
7638
7641
40762
8397
77583
80856
14774
68797
44979
99715
47446
55299
58268
12892
18833
56095
3166
59851
28498
2926
66256
94348
88610
44976
62223
9566
79829
71487
49782
47331
56087
34792
738
78641
25745
14886
63096
40904
88212
45263
28325
5903
80332
72165
31523
4020
4790
4389
85812
80340
88984
49454
83927
66135
76421
2466
83050
15934
4885
63203
36780
36821
30311
14844
20870
81385
43416
34060
40372
86812
88643
73513
68745
1358
11656
81894
23439
24219
79921
4282
4427
26029
88485
63425
24133
48263
3811
80720
90577
98082
45439
16609
664
31507
85791
40468
99081
22165
70917
15177
71305
61902
29630
84907
28183
52300
43912
40968
69221
10196
30521
16655
24125
56653
81214
65369
10815
95053
81228
55540
45920
80731
49589
99823
27021
4871
68468
96852
36310
43415
78581
24911
60121
55041
66827
41226
2111
45578
84174
16319
3893
83626
34690
58169
64330
9072
4608
51197
71956
74314
56214
33577
62133
89340
95018
40576
94951
13329
67496
24793
7302
7990
24327
62082
24365
829
91828
62257
73810
97122
81972
28704
13781
74620
24016
83429
68649
83578
70383
17057
99690
37648
47302
16751
92611
11427
29444
5743
31894
98940
44845
56867
67613
86753
11780
69090
9995
34643
79756
1924
45854
60983
60953
47191
23570
83903
47624
75454
4179
70435
38831
81112
67065
44918
95733
36811
6384
92867
75260
73305
63033
71309
38469
99245
92862
74760
83963
28720
40669
48349
95314
53619
97853
13121
87522
71422
59979
29470
24524
39494
57720
75383
40033
24952
11357
95806
2840
92791
46852
40864
4511
28225
31127
44361
47151
96689
33913
59568
37340
856
18964
35949
51121
76163
5562
65579
22462
60493
46105
4216
45055
98896
11093
99570
63481
60613
25912
78981
35543
58073
40782
22470
56116
72604
50599
88711
7770
13908
85775
47631
55229
64006
62692
79063
26592
96397
9035
79453
60036
49748
92083
4232
72743
85153
65924
26548
9889
2087
51846
29355
50929
61234
86595
96483
39583
88888
7693
59764
83234
83739
2273
7862
26644
34169
68859
69071
36524
89686
48253
80889
96021
26860
58262
90801
11151
75906
84789
2371
50061
59758
68443
47533
37198
53132
45266
88288
64897
76831
52210
42005
73178
6218
55601
25270
64029
6113
65352
63366
64767
64015
57986
59435
59383
54214
93938
79947
10069
33371
94873
18130
17274
87752
9092
36693
57092
10787
32913
46297
55166
77862
39566
4616
89697
61895
56330
66412
45235
65213
11678
86113
23091
87304
12057
67956
32822
24894
30632
24838
16849
79664
18706
96135
18335
52224
405
86457
1153
19406
83149
38947
89601
60627
15197
17893
86047
15694
15628
18944
36794
78977
28076
86161
29233
44335
11316
50215
77378
28444
35191
20153
7564
56981
47269
25445
36309
88924
23356
43122
87364
67418
52093
38814
74994
67436
73529
57159
52731
42990
94446
45963
27367
72546
84628
15456
90891
28557
93714
82924
8490
77946
42595
32499
82207
8363
75042
75490
6511
41573
28676
11574
50551
70194
80896
55083
16456
84399
58453
21583
5317
73283
40558
19974
51209
85601
11669
57081
2505
9604
38029
24036
75904
43965
82540
5275
54255
1417
39106
3920
5909
56504
65336
19789
59353
23225
74939
73404
35607
60564
78926
75462
13854
82795
61203
34370
57654
2019
59522
49516
39414
3185
98771
75079
25217
4065
839
73905
43347
4033
40241
46139
28788
42645
86063
16881
89392
7565
58146
2710
6972
19354
19370
16946
70486
19755
52810
11783
33074
68976
26230
44340
7972
68367
30624
45597
9185
77400
50389
39771
92571
53060
29110
50687
15177
14872
73707
17417
38502
30160
67604
28981
95276
46475
28891
2241
92965
2911
87792
70727
54403
88671
11325
49887
98600
43276
6803
69041
75971
87687
94792
68793
16320
50920
52545
67256
84780
42288
35173
18119
49651
74710
38699
68810
69435
65776
56729
88974
80946
42000
57598
93335
87344
34193
7374
28074
94626
92864
33631
60469
13252
31144
67394
39364
16649
77700
31304
30377
24265
63618
83906
70695
68878
52690
36834
26482
5948
67134
78339
6283
18129
35056
16565
78527
87708
43156
19812
52859
745
2431
79404
45822
37552
70826
53955
82222
8447
88319
15184
3516
3872
3839
42055
93083
43861
65797
44900
36107
93038
83381
42169
11137
902
2479
58300
14407
67703
29026
62883
76661
48435
60180
14317
81048
71837
87877
42721
17058
34891
92848
73571
83806
21589
24387
31780
37502
56862
45914
2894
62429
26478
93498
87288
90023
83830
72672
20965
71112
44485
6548
54422
91675
7453
46008
79433
63808
55431
62656
24081
45338
84498
90558
61454
5372
72940
46116
47403
73514
58213
67302
23391
40497
29499
25805
56040
22210
8399
77691
14063
87319
81723
84796
82299
18570
59767
5506
89786
98636
76008
54257
35339
74315
79784
85285
25742
18343
88245
981
87102
98015
81595
76045
64080
1518
27972
84807
5862
60471
64966
55990
45480
26477
21839
57055
58981
99125
81239
84703
86547
39805
53791
69618
37132
67151
45120
54633
37825
98375
89897
53097
47302
68100
58412
45735
83932
33291
63024
68872
88464
39030
93990
47816
49310
37693
43292
71150
9077
89752
1840
53471
19125
15382
76063
12502
13512
72702
73285
25692
30469
64960
26610
87406
36713
84584
84356
23453
13485
60599
69073
16223
24754
21312
96335
60606
14659
21279
91304
57703
86174
70722
66396
36058
7538
216
52210
26147
24176
64403
33631
96801
91278
45808
14186
92430
27956
75328
41297
99843
42167
6391
41310
91987
97793
67842
60862
5333
21741
66731
61169
13055
5240
64380
71884
21684
81608
66624
66358
47482
58548
87599
67263
84944
67514
72576
96570
52094
77737
40287
40571
57354
26966
31758
84475
524
42598
70697
61645
40183
64364
40229
34274
70165
56061
12278
97334
55215
19837
53322
72282
32684
82684
18607
37333
29312
61758
40914
18773
26126
52085
69368
9216
48120
56575
55205
99969
79152
33739
79561
10941
9904
18476
58778
42684
23324
69684
87013
53421
73657
68409
11845
7303
32489
83950
96797
85814
84340
5643
78175
7101
16388
1865
16449
95955
12866
16440
18198
4783
60163
11315
60904
65542
76992
8297
7414
97091
96901
88539
68513
81585
6876
8508
66774
99106
58851
16865
94917
74887
36737
6245
72939
68651
14355
565
51331
10723
20696
72441
13353
15789
46275
62949
78711
53701
92036
18367
52805
88110
60102
23255
32345
25708
82403
1120
48159
4519
48945
2186
15679
85543
2989
55710
24557
17870
5405
99565
81625
2274
32394
1315
65925
57947
88058
71134
5134
35493
62827
50407
6792
73775
19391
34061
4610
61672
89968
25027
13757
96874
75010
72336
88654
11092
15447
95733
64033
45794
559
40361
53905
59431
46398
18236
33165
13034
98394
47036
25058
31412
32320
70091
47372
3229
88807
50473
32138
87273
98825
59572
22511
42377
80574
74752
18875
39949
25615
23461
71946
65208
31126
88635
47972
7314
49623
61270
25824
98540
14995
8050
24784
72381
93398
15364
46778
88929
45078
9757
53213
40787
76998
42297
16413
36982
73391
44559
98181
97247
78994
63404
59973
89952
2823
17802
93375
90300
15162
10404
68354
9918
11151
6239
85566
32359
5062
31513
78382
9562
2837
27533
99090
47461
83397
52469
65384
64912
49208
35278
80599
85363
14320
44455
18970
52390
80033
41839
81573
21029
55429
4746
26475
72449
85175
51624
64498
46623
15149
32134
77685
45088
83353
80224
70382
90947
22621
34645
43318
12865
18667
47028
46703
43307
26365
1207
74504
40158
47838
61633
18321
37845
24620
2077
83923
65647
59248
45773
60374
870
41043
94069
58358
11843
75730
84397
96825
93989
58694
7738
11162
75395
22077
80534
84997
4160
78124
40924
97221
3880
40303
45683
39411
97807
52191
49743
69315
39900
68799
32467
99167
33676
22822
17497
87832
15415
11367
18858
71995
97658
88601
74254
52801
2915
80433
72894
69530
34134
77805
66686
27409
63689
12851
68297
42445
44596
84775
45113
64925
13943
84468
58654
57676
19002
85701
49283
14610
7288
36181
39162
18653
62822
42110
83387
94073
35489
89499
65660
57986
16885
54111
16027
88028
74342
90526
3840
12146
54458
36861
22866
95663
96452
92822
29475
54976
67923
67771
69593
96139
3743
88269
92831
20453
30136
42877
36192
63186
45126
70811
2347
3078
71216
33282
51571
74392
67641
82861
77936
75156
78555
14103
85089
33163
13992
93201
71291
59819
53560
50500
57008
23752
95982
34185
38884
44519
62974
44920
18831
90034
68558
31879
94329
4045
98583
34857
83800
93921
11469
69185
95615
80762
88373
59544
20136
61634
45753
14516
85681
343
75517
16260
78258
60322
36339
57564
47226
44959
97734
43429
37900
5023
63351
10754
75363
63645
56927
21897
30457
95581
76477
49260
91077
65588
35097
23574
23570
29792
70355
2790
16903
44427
26367
78008
38479
9215
16093
21134
2764
29950
76606
20512
8604
73915
90361
22007
43633
50806
2719
81955
52091
95095
82143
37832
9543
38073
82808
91006
63533
98655
29681
88653
91110
47594
25057
4463
98990
26759
88323
97651
39444
39942
68015
37825
6936
18674
66173
6635
77047
47583
55635
60417
16170
49345
16259
35594
37030
47502
94302
80993
62676
64532
8354
2641
2684
66481
78243
71975
10960
84366
59383
32982
85648
60321
94929
23
71491
54648
73047
99620
50347
92769
19080
32410
42586
37870
81288
2730
19415
57975
48732
18476
55358
44698
74682
80307
54940
41788
66156
70420
86355
81455
18349
7743
10587
18596
43693
66748
76580
63678
50300
67092
88346
64800
22330
66194
16077
36582
2220
95637
55890
1295
86282
47745
75357
81795
50667
61893
81357
21365
24986
89003
6960
9024
72418
78466
9675
19013
39923
70301
52799
43935
63441
17510
66510
45689
54223
35647
59332
42522
71391
14361
5248
25417
35302
55889
68649
33689
91823
45597
94089
19798
7948
14522
20152
17970
17923
41559
26224
98188
65959
19754
15536
25225
839
7158
28528
25028
1483
68631
49392
64556
16683
91776
96723
51588
61178
54758
57083
55343
39681
22962
22157
67766
93348
68380
43415
62898
29147
96783
52907
76057
87559
18054
29232
58052
74978
85746
91207
52561
55176
65522
22482
81667
43566
39365
46382
642
92407
85863
82452
62526
42674
14949
79278
92983
10978
70487
98857
28148
30402
18646
23715
63341
90915
99711
4522
75738
63343
3791
75882
30191
40818
77672
15366
51971
91975
49289
54885
7576
29599
9784
63094
30580
61054
17777
76009
65198
873
57119
87342
56969
2126
12860
86725
37314
17842
8708
52305
11492
75476
26332
30439
23057
98371
63543
84277
40899
36990
22595
5953
56191
66052
27455
66160
3121
6169
15447
91644
60785
23367
45358
62823
62315
31786
78274
12857
88676
53325
13454
2086
63028
16986
2945
964
47211
85790
91991
41848
12149
61613
67890
83290
92221
28885
20238
13907
82268
33017
86362
20060
47031
70620
45222
62641
9916
39233
72807
39945
62782
637
8343
22885
4108
7607
53941
73465
80136
4419
2479
96863
87916
89308
87936
80303
10290
17361
53315
157
49343
35535
58625
57300
50231
71415
26318
77546
32382
99743
59600
33297
55600
86761
60858
64722
48052
3047
43031
62483
80936
5686
22751
32422
21836
20589
69396
2169
70152
77743
50034
42968
82435
79157
67538
2384
56277
10504
49022
96156
12831
63054
24809
25239
76526
77506
61362
43416
39745
4249
45988
22763
26923
32424
24470
97435
27152
71007
92621
71657
9279
49036
71808
6968
61409
36284
67817
13287
49667
56401
13026
28569
4207
87903
65887
6934
81939
41721
32213
18074
15162
35064
83807
24018
54769
11172
27014
91290
67008
11288
75559
68245
9237
83405
93850
87455
79934
60506
3372
17108
44549
73158
31663
97553
65847
40881
94655
50840
81154
81052
68485
86247
93124
36419
72433
70479
27351
36748
65536
60869
53296
10700
94479
99852
3548
23902
52010
82019
45047
83597
16839
23343
91519
29628
82982
12410
5980
22500
70775
37670
78783
67024
78865
61251
7688
9495
74859
75599
49317
44387
14550
55533
46518
28408
26366
59777
78609
86335
54515
90737
88526
98628
67369
6011
31400
61612
49779
20721
8056
78839
82682
23002
23809
18485
52327
93439
18291
88712
89239
60690
7031
20805
7648
79792
31036
53899
89170
25684
59816
4921
12628
70970
13293
16893
24649
78593
1383
18778
65762
64656
97937
48696
52399
17810
41360
87265
50955
1908
84318
91144
40381
869
6996
50082
9793
50246
35241
19428
891
25850
85960
84946
69283
65967
80178
56871
85969
1111
1361
27076
90516
43802
19767
29674
97870
67703
97249
62788
61909
71605
95863
19896
21690
50832
37879
7985
91669
23391
87063
39548
63699
91124
11097
73569
87216
14443
61742
63661
87174
85129
49450
82253
67715
47850
65823
42339
34371
67583
1301
4074
32639
2746
91181
96719
75990
97674
40436
53526
28125
39821
83083
28898
73074
44552
16165
56473
56957
83708
39385
29888
82878
4969
74924
97508
45285
30698
60951
27904
95736
12773
480
53808
78714
21042
84720
13384
21974
59338
81990
82141
84299
34458
67611
13155
58165
20695
8622
60162
10377
49621
62620
33347
54595
10708
65387
52817
95551
3246
90784
17241
85173
28532
6848
55772
28829
78195
13898
20759
97743
13348
47515
45816
84106
46848
2620
62880
44470
24807
95715
65622
39068
11036
7644
40267
84795
80175
63857
59617
85584
13901
35571
11163
11927
36948
51250
97156
17973
41509
64322
21227
13865
15373
84385
60238
46332
69898
92144
70932
17729
21089
21169
71289
90453
80653
52837
84912
35417
60280
56416
29223
3115
43724
22615
64186
31033
28311
65123
83490
88932
95866
87025
19975
25652
57314
97402
55280
76677
33125
75318
99570
99738
80919
13855
39891
93530
50326
19467
28606
66116
9472
26389
27201
59137
18127
79253
4596
8997
63308
33438
42693
57020
97338
53031
2778
41941
95742
74137
67382
58809
50540
99403
71329
55861
90887
10881
78631
83635
42271
1586
56732
95840
55103
65915
70675
19960
16623
45658
50796
17203
74975
45755
40705
55587
55956
56529
64948
19588
71235
92430
83544
7312
20007
46992
41860
13689
2173
93636
23054
20385
25591
29717
96113
16499
34581
77859
22203
79900
41465
64075
25813
56773
97809
89117
63217
6406
3871
98654
80541
69275
23396
81806
49831
37893
93712
55755
63661
29852
12361
33710
79162
31752
48820
94423
81352
49504
40962
80964
52701
43478
77570
71194
74932
70683
10599
166
79634
76971
20015
71397
76439
9245
65603
43234
36874
80140
18998
11908
13077
76757
45566
54678
52147
66769
98880
17904
43240
95356
29710
14681
99636
29888
10814
75654
15714
90677
92446
96815
38206
6672
85824
42989
19881
62891
4013
73528
53
79212
17902
29325
29693
24921
71680
75631
83015
27026
13708
25143
21763
69893
85062
88580
59978
71199
55762
48311
4337
6429
58917
95688
79232
21352
57374
8329
15727
48037
57566
83484
82888
86884
94140
12727
58165
11216
14522
52401
81265
96778
92186
34897
43942
33665
27041
77017
54270
86920
58290
37978
16787
74458
60277
37623
69109
27607
56427
86630
46678
75886
54697
2806
7110
56738
78931
89890
83464
59473
41929
77784
4627
28377
58660
71079
29525
64427
7228
16547
45635
56291
31577
4295
72406
64903
33604
91587
21431
48124
38525
74258
81367
77939
83186
39743
87133
72257
90146
24838
30667
51118
62148
78249
40020
54004
37787
5822
14494
30764
43930
31540
2588
36437
2963
30406
61194
66353
66485
53488
66686
99
16192
17383
40161
25351
62561
2734
86602
8817
41610
50040
49224
48343
36869
67692
32171
69516
99039
63438
3807
38333
17297
82999
20375
41971
38882
64254
39417
1764
95836
95025
78517
74800
68991
57032
6557
86623
82370
39768
55706
6805
36376
96353
34284
83005
28175
18561
35146
2210
88043
88544
27065
79086
89713
69165
25895
25469
47077
30185
25346
76698
9227
81421
90785
56659
77629
80791
21990
16033
83731
72203
14523
43568
68055
60117
52601
59793
30972
20819
729
79982
19408
14680
16141
51768
60915
18631
24998
18348
17267
28727
25714
91192
385
25970
72429
98096
56444
64400
60241
66698
53179
86610
32358
37102
68447
47408
26885
70964
85505
94148
69955
3670
91563
93930
89062
66869
52803
92729
11214
61330
4605
39940
10706
71250
18389
74145
8352
7773
2310
6352
48626
18749
19974
24243
82768
25318
98076
35220
6917
11623
79083
17493
50321
99557
71628
36527
53326
7161
70135
16872
43907
60275
75657
68835
94171
37560
92950
56133
50261
73365
53710
11308
41322
24737
22546
7511
54320
25356
85735
35313
10772
71280
78149
24978
37135
91527
22555
43320
76036
65972
55643
97184
44583
45639
47770
34858
81614
80297
4489
78286
31715
60561
3004
303
83479
64372
15959
54005
33930
48494
3716
6047
11075
43320
99752
7375
3788
78916
97072
79547
3225
51209
20579
95626
59543
90979
46277
2910
46787
81880
86884
25601
38579
1000
73700
45676
52595
94280
30999
86887
59903
42540
66200
80081
71464
94962
75523
21779
35876
2640
51508
88359
6873
78518
37475
4955
80840
48566
9505
52360
5190
28233
74560
34648
19102
66631
67842
9383
85413
12768
33432
40248
26772
35255
20962
61672
26462
23170
39077
60050
8095
94867
70670
56104
66452
95680
49211
96763
93272
30356
66726
85523
41014
53760
81758
57778
17792
73564
18735
84693
79684
93498
833
30022
16308
65331
58319
52605
38843
5270
34386
39689
1908
33309
75603
36896
2371
45128
61982
84896
16245
41498
65352
46968
71579
57125
69595
44949
29357
45684
52923
12750
43980
36650
54947
60642
50618
66753
27422
73699
96414
75137
77264
62857
90812
8915
97960
19256
30307
37252
50699
11119
51645
42872
78178
94808
44139
33809
28762
63672
23425
16592
36629
76070
61802
57203
2323
44031
66576
96060
35546
7064
80828
48107
77091
7877
83688
12855
67221
34621
43881
24002
91883
63511
93613
34657
73893
48426
2071
9169
97756
95728
37950
13241
93440
42697
50333
86404
78748
15457
58211
75584
57522
15058
97802
27696
40493
25857
71905
6989
30564
35980
75416
16386
19591
7159
14009
15495
69524
8479
45199
69437
84018
98423
46703
15964
29921
71983
16684
70016
93103
56919
68385
80811
19529
47225
10937
54427
94318
14247
41949
38142
90107
81451
5618
33750
12375
81138
98676
73796
8273
56213
5473
7529
79416
27456
61346
48871
81143
50809
54700
73280
4108
45143
57869
95867
34515
89758
67931
84327
59160
61561
20953
15216
54947
52920
81664
97771
83678
59901
71697
28220
45486
53741
64761
23458
4096
56787
80033
54263
48634
57162
29931
60700
33654
29087
40634
26440
59768
61242
30240
49712
68585
62716
14254
70206
10177
98568
97493
5623
85921
48651
45796
4688
67185
40262
33718
96301
62425
51201
41949
72282
61668
12818
27421
69735
86011
32299
50847
37052
48305
21765
90088
47690
29754
50962
34150
97358
85802
6878
34920
61027
75407
51883
33239
13177
8956
26429
59749
32232
54532
8652
98247
90345
39947
1564
56691
71417
28582
20132
82378
38991
54354
99706
97277
88471
76512
52121
92385
9023
64655
3169
75670
7241
56093
3670
94398
57962
95678
36592
46133
34886
93065
15914
48088
3730
989
79521
13814
24444
56341
81791
21039
44079
38730
22908
25644
92496
18647
71241
8802
21628
57143
20960
59350
49621
94147
2245
53498
19329
67221
85550
98315
41835
314
91628
65997
26646
98162
32250
18914
55324
61499
76125
86564
88101
69400
72377
57948
39204
1995
26810
29649
36242
32933
60447
989
8057
95397
15830
15463
67770
62529
76296
46059
44596
24237
97608
34726
1243
10875
93826
51634
60833
94036
25293
80731
51908
96100
26868
91524
9451
90151
55768
68909
25328
10725
29460
25423
15645
35085
34319
38482
67427
15178
4905
26802
43400
68304
16881
74939
77219
47840
56817
26414
14717
82394
28533
20312
72628
74141
96320
88659
52144
13329
87022
50601
41482
36852
77330
84498
46203
56709
61220
48866
68098
19535
40801
89241
39452
68648
10483
59017
7152
49362
43650
49863
31612
69979
63009
64613
80474
76118
4019
15246
5838
24589
97160
68733
28099
78304
76875
36076
27638
99783
85861
2372
82476
89789
32137
48684
83839
24432
25313
94118
14720
16941
58950
78784
40246
91073
90256
39913
53662
64158
86118
41711
57712
3154
18999
49485
80805
25243
58664
9925
50835
15927
75648
7555
40018
79265
42859
97601
14439
59044
81392
7817
52950
70380
42071
49745
89582
6545
19642
89114
83931
76731
67106
7038
14932
22213
1194
83193
6531
36861
39015
69683
39161
56020
30016
23117
73537
51045
79524
76981
89233
77528
42962
11557
67852
53664
66459
21024
79643
24149
20182
79169
93372
30772
4146
95953
30912
16426
40771
12485
68104
28826
60733
80135
45799
68744
96307
67680
70288
24962
50542
11160
55652
28625
14387
69860
50953
92547
99835
21153
65105
32361
29631
40771
15419
25577
38020
94244
36180
26843
31229
93594
42740
89677
15875
98524
77514
50033
72917
13501
85281
12976
75461
31464
30245
14744
3556
5652
69719
75455
12120
87557
45722
67281
48088
38695
64205
80587
45406
72669
55237
28661
66962
2714
76584
23139
61373
89026
97175
57463
53905
47010
54590
20944
91733
83023
39611
73701
96793
84070
18085
11594
38078
76825
57781
64960
80988
95597
5097
66303
65428
49276
51797
23737
95194
88900
56029
9809
96954
3880
57941
58905
29807
27639
67226
11405
49861
80286
18831
57894
20308
11088
89072
35551
75416
70606
5777
66426
49302
32665
35146
14536
92832
10851
10530
97590
81811
88460
42900
6918
97640
39851
46794
82088
84760
92558
53506
99624
78394
45867
44159
11454
40692
18695
11224
91396
6916
28765
73776
21603
62921
60366
44854
19686
1117
39952
9195
70876
15102
13675
89346
49488
93902
96617
38454
72244
82202
33325
16406
40386
84508
9791
45469
89054
81653
88232
28601
15733
86622
3626
44512
36867
96927
15639
95048
64396
71242
68466
86793
19025
25293
98493
18189
3250
30326
20975
57295
40329
93223
99390
16772
23956
33081
62942
96675
65840
22626
52137
62007
4071
58980
18907
87177
87018
18654
20677
36004
52531
80248
91255
92373
86417
62178
88359
11065
30694
27439
68733
1854
44138
83492
48833
83598
17864
65744
75008
49984
44376
9645
22258
6488
10828
40578
29385
2852
83299
29785
46034
23224
33971
57005
76018
43788
68261
65314
85867
54139
77750
25773
41630
59261
99393
11457
34376
52629
10187
28347
14697
23784
88565
1805
38026
94601
53552
25864
39812
60415
9185
81480
53956
65166
80513
81000
96340
58953
51847
39066
60997
54051
69171
84449
10752
92874
60183
60428
11396
80243
11627
74369
36891
56109
78687
40714
41083
81984
79619
87761
13242
76440
39963
12383
30979
16179
62785
96592
14640
79236
93547
79522
74925
43969
34490
92318
57370
74236
63436
12657
95460
79144
18820
63725
82733
59057
40939
19293
24346
56925
19811
61689
85525
34382
94539
46913
81765
35631
20241
20154
55113
7400
16184
72718
2803
33671
55427
40524
12913
32249
83554
7879
8020
36237
84551
2975
91454
25554
96195
39237
94892
74367
47291
64464
61083
64635
1954
624
183
98944
98157
33463
2119
73315
87304
611
22711
25148
8963
86951
87437
86958
38123
66387
28206
28148
70555
8916
35611
24961
76050
88902
56651
32091
38994
9194
28591
99622
55821
39844
90016
38292
16913
44350
34622
34610
24310
51453
64015
93823
79110
35871
4760
58799
95049
62076
46694
28078
21249
65173
4290
96199
72437
16060
41803
46207
38492
26234
28954
67041
62429
51531
83265
94123
31642
97038
60673
25607
2545
88698
55713
954
10966
37842
72781
75828
7085
83265
43430
55977
90330
75202
7539
30989
92343
80985
6144
83075
96575
76609
85721
5188
33143
86079
60466
14812
25991
56659
75979
90979
82549
32157
37392
84538
61689
35531
51943
29519
94997
70059
10158
25689
5965
41888
12884
87658
86107
40587
63772
75804
67577
68363
59945
95354
24201
89130
60562
15555
77080
96319
66868
22226
99356
50594
30529
38095
8294
68086
12756
90849
32747
99193
52745
13891
31407
58746
59253
65429
44484
70731
99517
31104
71595
68849
55577
69250
92845
3146
22835
87390
41399
28930
29080
53839
39922
9858
45363
51115
89891
65123
72487
83797
86592
67709
97775
20369
71639
81734
23003
39164
72588
82805
71780
65449
60720
7842
85774
5590
41877
90643
22651
75784
1121
141
98904
13321
89560
37475
91749
65658
61155
2446
81351
75396
96003
86564
54029
33357
87596
49018
63667
28484
96903
34266
65030
33648
98075
35271
87489
45872
58714
88964
53891
22896
46029
24562
75680
59365
87109
45090
87784
27470
25336
92021
54357
97685
22012
71164
51438
94224
44933
68516
73548
70795
14119
19804
27290
21073
12313
38602
14570
81931
17921
59357
9830
531
26415
79582
65091
80466
88096
71925
11350
26407
32126
90833
45624
50707
43371
55142
58869
67589
62205
99633
67331
32865
61299
67323
36353
64590
54042
46196
32699
53638
44816
46505
60438
74580
12289
23994
5825
4141
80252
63308
7265
42344
85181
45157
50190
79339
27158
23652
16509
56347
22437
53170
16400
68058
89054
16788
69670
59916
89222
77729
239
71029
43725
47906
60430
14502
66799
19190
97076
17551
61203
27888
83146
53707
41095
67296
318
935
79660
38540
5144
48395
5827
96260
91411
88603
1828
36995
75405
61945
11801
76492
85427
16102
36571
6003
18640
31000
96639
21013
2789
66951
64176
39153
87046
80802
43172
20303
60563
61935
30155
52547
4806
32070
78767
39001
14641
34112
90217
25472
35998
94502
30324
65295
91853
13825
74488
58788
54851
52926
65050
43919
98265
74692
48261
84647
62685
66911
47997
41486
14240
33737
51763
73643
1444
4201
22818
71418
59712
88363
2175
13187
34229
72288
90968
33467
97990
54048
74209
54525
39779
82222
73889
9561
26288
9645
30544
12493
68302
54365
45703
77004
57317
14983
14050
80442
88004
98027
67377
34670
92895
65294
30245
23136
14238
88116
94451
77732
65161
9698
92068
81607
71410
38343
65427
98955
68424
90344
10425
34840
27700
24416
38905
62481
83161
46122
45170
14091
97492
92703
26031
66919
51642
8932
92035
11152
88932
54640
29509
59834
38613
77021
75004
96956
35212
7545
81719
68078
79142
92930
15854
87060
89820
42031
80934
97444
17213
57757
18627
37745
83759
73470
47902
97599
2524
76362
63601
12531
1291
94431
61592
61063
66277
78897
19101
44337
12955
68004
86895
27429
84458
6782
40460
37463
76187
24033
86522
2793
1414
53447
61287
67839
96363
95583
77721
64505
1219
58588
62905
42404
59912
96302
12456
57328
39039
60964
48717
95378
87227
59693
46885
1081
84688
91162
76140
74595
37628
98873
60337
4635
78983
29219
58692
92402
48434
80401
38254
67522
24689
34473
46482
88119
48722
51113
59055
16132
7602
77667
48892
85357
43988
91652
74149
93427
14563
16525
40066
45987
74722
72896
58458
31093
5502
33508
49842
42912
35246
77275
29982
27903
42018
77191
37710
92772
71223
45976
46135
12424
92330
18398
75554
99098
58859
42094
14337
37988
62551
85577
80687
22661
80691
14323
82939
99303
30083
68839
37989
93043
18736
48524
66743
8700
1619
49996
41905
46420
71549
19898
52129
60518
18020
45428
65246
30422
96484
91748
82593
28739
1740
75844
38887
12891
10560
26845
52044
42526
63604
71813
55752
64749
1667
31161
49222
34986
54658
48052
94170
1470
38116
18821
68731
89998
3842
28551
44448
62067
2896
32460
11110
35810
82364
60159
46866
83678
84195
99786
93951
45052
4379
39252
91118
52466
10587
61463
10539
24550
26850
61979
47244
57438
78462
28296
35625
43936
22448
51120
9307
66127
83911
55354
30586
62596
75971
35149
3159
70035
4775
61393
20100
32162
88053
4585
11680
83009
97403
12684
20680
9439
28730
53653
75996
81665
88578
57330
15252
55550
26035
51902
23741
46316
13803
35748
88985
94859
73946
83540
23729
32687
47827
52507
88704
23790
68278
177
96133
30127
48280
16863
9585
14466
77275
62387
68027
27547
16983
31775
8235
21768
23548
60035
11272
4144
71527
73875
45798
87040
83078
77177
77864
8360
27037
7097
65879
57078
80932
48650
22541
42640
9970
76796
32841
97862
66537
86091
26140
97830
71110
66949
69735
56304
45144
84147
84588
2536
16783
71845
27873
51318
58640
77368
17746
36487
12182
48396
17380
27097
74126
3320
38476
39455
24892
87848
65184
16564
32559
40218
37950
92667
44900
33517
5776
20733
12732
27742
34366
35751
71570
78955
28008
4222
78047
15258
11436
77389
98040
48462
982
38554
6414
88840
30746
51760
61499
80980
38390
88805
43475
9951
19858
21326
70861
80086
37501
53842
27728
17305
72141
66421
85746
31679
94913
16260
59665
88893
6604
70911
82762
67182
39013
17999
50080
28535
96756
72109
46545
60487
44044
97664
48618
59985
90052
66001
26734
54218
36530
46235
44430
80292
88558
81996
9155
87919
21
31201
14109
91853
76220
48855
32661
52512
60757
55479
46854
94224
24769
60701
91034
53604
1690
34608
14084
94020
48360
11267
1095
38254
44367
41649
15669
72927
33669
9203
76858
45631
50510
63094
76725
16683
74090
84047
36319
39228
5532
34299
65194
85761
10976
63491
88089
74732
98569
72999
68898
8347
44481
80240
27064
34200
89282
63566
7209
71645
93839
26642
66937
16436
17491
9177
88716
2716
72995
18839
18115
47116
6353
14146
18112
10179
34289
53572
84743
67316
13187
18105
19048
58457
38926
33154
89789
26938
81146
79916
12351
7118
59266
76160
1435
69062
61948
55101
39931
34831
48756
69991
61473
56296
50230
22814
71616
14838
90007
11336
13486
59597
58126
32454
22374
82046
42133
14135
44910
71901
51512
48935
86210
56396
55340
87644
36037
51315
37239
99010
72404
40398
68174
16887
86901
94468
9909
69081
98965
55439
31279
57813
57019
47881
40383
6639
56980
17370
59461
60845
26049
46687
95158
43686
55634
9569
26562
20013
62584
99196
99291
31334
47478
10622
79437
50228
49866
93599
65846
42446
66386
31407
1149
2400
6131
28768
93674
15145
5863
38516
29429
49659
69799
48325
58181
42714
47583
45713
96086
17905
49806
4993
18278
78015
26310
48697
16021
78552
74979
51817
83737
48390
75338
78029
32658
95308
5306
81448
26083
18036
60015
70582
15273
36668
91138
34365
9685
5021
29219
27682
92175
68980
95797
76123
49942
85240
58983
44538
76595
33528
14496
91805
49773
36064
22554
68209
47263
81420
45537
2070
46536
1233
54768
2694
13368
38677
99800
13848
73796
54975
71813
27418
15819
37096
210
92184
46781
38640
92581
13812
55513
62959
47486
67066
17168
3273
87870
5240
21274
26044
65356
76360
52948
83227
61741
63991
9965
81695
75438
74528
49228
45963
93586
10300
96169
39345
6386
26423
79626
17351
16191
2617
89067
17374
87198
18205
34794
47059
15181
74866
7664
93790
103
33525
2067
26074
99857
32301
41933
55463
40342
93348
33172
84773
26054
39609
69673
20722
70891
59881
47558
44122
63347
64765
72880
50620
82418
63515
79238
93739
88907
28533
10786
10169
57420
61908
79077
54062
84793
44669
3602
60852
45866
86511
64766
16865
51721
64392
32476
95125
36925
60111
27242
33857
75361
71140
4766
55465
31442
9959
78612
82774
40227
472
10134
96827
31995
69490
52295
8333
19084
91202
78972
78586
813
37831
76183
19059
98059
42649
67188
40053
65066
63563
45694
5450
75330
47852
50596
65962
18008
67179
62091
46179
56037
1823
74890
33003
13424
8886
87692
20747
17437
90279
96130
63159
89686
17134
82016
5350
41343
98691
29205
63197
79719
5918
25910
68447
53022
91818
24718
56475
17764
26932
32259
49156
29151
86534
81067
74543
43139
46428
54696
90516
92264
64228
45469
15277
69582
22584
76953
73643
85176
59735
62572
2831
66384
48854
19566
35864
21394
48075
15245
62962
55460
24388
18314
74510
61856
84841
59275
92564
77446
3058
37928
22987
14072
68701
59616
3206
11485
1454
35288
2644
95241
59134
23241
11676
97715
28463
3393
77200
20900
15579
329
9481
31546
45877
8491
25345
10897
11582
39696
65875
36440
87189
91597
4233
93942
73441
66206
88149
13500
80717
3429
6263
66701
2290
7903
31672
87449
3676
21820
73379
60946
9806
96083
27718
35824
91756
73134
72608
35164
44298
88875
35827
48269
83296
49544
10416
18222
3127
59623
74721
19721
70543
67420
3552
3007
77933
31681
47641
89176
93001
26010
30680
8626
76307
71507
85524
95873
14428
58963
34367
13750
43274
56831
62875
19590
66259
12678
79271
25047
16812
6345
75542
9822
48634
45725
90840
19598
21318
51394
88252
45208
95375
99888
1848
85173
26664
30539
13083
75817
16234
2488
43972
98360
71956
95406
35199
63419
38835
33033
80954
57033
17398
88603
26960
95162
88841
10339
51529
73754
81527
12181
58314
630
51761
21736
76867
91824
46228
39564
50406
14922
79384
61380
450
99832
22108
88581
11607
15665
15067
79933
7791
95653
7669
16874
39271
45790
12944
51924
68601
62680
73483
1390
78992
98168
15647
13911
37085
72756
9116
53833
14612
88324
11602
48909
27751
8754
47960
29684
11181
42940
81375
43770
39722
25825
85745
61623
75114
58696
63483
40736
83893
64608
8239
95669
50032
6973
99255
95683
14282
22276
70206
59674
8764
58241
18132
86992
5848
39841
8965
32761
12065
65463
7026
5740
48177
51499
14631
38828
67381
92132
41258
52174
36998
12354
37926
21683
96360
47682
95725
30807
62401
8197
13239
63303
44434
31530
92171
82922
44068
30557
5034
95676
2267
58280
46373
24769
11520
89574
20124
82000
70527
40335
18437
84556
24104
29703
67523
21713
41452
64682
62711
75259
62140
43585
90533
3760
11468
72779
96462
34123
29368
42813
43078
56936
44687
85953
73905
32601
91032
12798
29376
79689
12909
61570
562
40650
40808
49453
75349
25916
53388
89807
34508
8980
13504
1996
67906
57784
89205
55503
38589
14156
75733
22564
68737
96739
7270
64329
63779
31333
48651
56284
66128
8322
67055
10912
92833
6953
44635
20575
65215
90841
91605
70887
40609
88933
70504
68376
76758
23256
50905
95120
19002
85923
7506
28055
99272
4186
77703
32953
51914
50635
6499
80708
97997
20730
41859
55840
27135
77686
14199
35754
50826
60179
95822
56933
56017
85350
72358
99351
58589
10816
81506
88297
66822
22794
35349
85200
72012
33170
50424
39342
5832
1035
91168
47963
55920
63020
52617
4235
18837
41811
23160
65665
70917
61678
11786
66934
14182
65043
35956
16496
40129
27453
86854
79404
82132
5566
94784
91835
33826
12834
54210
96302
30204
16265
61306
43624
85456
57746
40321
27198
95450
71765
49303
22973
42085
89314
14084
10558
12208
49333
66584
18267
35776
5421
38263
10000
14864
2811
57576
70668
35010
33918
16783
3835
31517
27684
47151
30270
64089
5935
92991
92403
63290
73595
67825
96976
9497
31447
53415
72144
12362
41997
65012
37461
7595
55614
86912
98410
90536
86103
54577
57124
33482
8588
91722
98958
32329
18339
90594
38265
85061
29777
10699
52730
60448
78588
30032
6097
36382
36332
72546
14076
10559
66467
89671
86807
18750
56324
22717
54996
7288
86548
28662
19623
48728
11727
75943
32284
25587
65199
60082
83884
92849
67818
44001
10183
54695
95660
83252
65358
22606
60939
85441
66541
17931
95317
12385
91612
24313
88034
60910
92472
24755
40638
82402
85435
91189
12079
38571
93289
11469
46478
4478
82871
35284
73475
50832
85062
18800
63334
98532
10457
80994
79495
10127
91364
64507
15200
33729
56574
35743
30971
1974
27973
73306
1308
88931
47511
76280
44838
74174
95814
59495
62324
19510
11022
5131
74332
64980
32653
12380
39881
91606
70417
57387
53410
84089
29832
81782
37974
19644
13966
37650
53669
93340
38472
87733
30836
39984
89126
50355
35475
39131
28755
59566
74958
80136
56320
66564
53705
82478
98628
16088
86367
56382
29806
7941
25374
94103
90454
79971
28827
74947
61709
28278
46756
37536
32547
80802
35648
55159
32425
98694
73626
23849
80652
26985
89123
33365
96395
10958
72935
56413
64275
8614
15019
25845
28555
39186
62415
47612
376
53652
24650
80719
25085
92593
94679
53608
6246
60284
25697
57087
53329
91021
88846
53037
90608
89503
74556
98088
24302
75535
21385
44912
99252
42244
18025
53910
32583
9919
51645
97175
98220
73469
43948
43000
55037
32740
14345
16986
91136
61768
80148
52687
6974
12181
30483
82343
60157
20814
6687
64763
89239
52536
19628
36254
99962
99456
26647
52386
95207
38656
14530
82463
45242
34796
5484
56275
10286
3247
51928
2212
81400
88396
10528
50538
69654
32329
96231
46931
26174
3110
68946
26749
97540
71690
38028
63655
65442
61705
57675
47371
72921
62264
61018
26713
14151
94713
33516
75715
93081
2033
64764
30205
61372
84383
2146
47317
6596
64778
88320
1749
87582
68627
1700
3215
5782
29688
20089
94035
96750
75155
92978
1391
97463
75819
82983
68227
45883
91844
50645
24345
96174
65334
64313
19183
19558
31512
15766
5426
90745
62349
20455
36030
75287
20261
42508
86695
5389
28700
58871
3268
26571
27722
9523
14354
80386
33129
16399
66090
44260
82066
78546
49405
17734
13530
3911
5970
30813
397
2407
49725
79338
23310
61923
12495
69441
11566
4454
15209
3921
41047
10329
31591
61060
94346
25284
28910
41881
13055
91944
40312
36447
34099
27585
95095
43562
70313
50215
23081
74277
34649
54094
49249
82604
37888
98451
93004
77576
55453
40318
37128
64472
50043
63342
66945
94856
72908
13747
61205
99645
97219
24702
94737
38611
25148
19794
85281
65259
65176
71649
90474
30668
19609
91278
85989
70375
86274
78922
10824
80870
13960
85983
35412
53684
78882
39362
64269
82974
75972
58268
30660
28573
24349
90475
61944
66697
49101
37087
54488
22506
47692
19762
78316
76141
72125
51549
63158
23023
43195
29689
75378
30443
11009
50478
17438
47526
98530
83202
9938
61181
53342
69439
98678
40955
68242
45118
50139
24435
51912
25253
54698
68919
61872
64512
81529
3144
66218
26776
39993
37835
2225
80457
62706
80551
30526
61114
60607
78798
20246
11119
15614
74122
34638
18867
51521
15827
66281
68098
13864
88018
7539
42103
3055
18638
62963
72759
86123
91207
76318
79262
37384
80959
36336
98127
71428
65411
39847
60142
60597
8866
48235
97133
59167
72811
70484
31575
18677
50482
60215
87862
33008
98037
65662
6815
14443
62351
34952
3050
74474
27430
56791
20478
29912
94736
41763
62261
57573
49873
13195
79146
92240
13885
671
2906
31995
24917
21171
16805
10528
1297
10053
30673
80853
84160
94850
75141
34122
59984
32213
6623
6155
39598
941
30445
70882
57027
71834
71789
6277
1954
69288
9671
29816
10214
39503
19485
10916
42668
50703
58424
57341
71690
74340
69917
63743
27749
22426
76666
15654
65065
52475
43834
23335
87919
5149
83972
11224
72092
74049
71805
437
29700
52689
15500
70862
36524
88475
57350
75811
12170
36296
97633
84275
74873
66074
33229
88015
45065
79115
67207
72943
16826
8596
49294
18273
91263
10761
51014
18675
15396
24632
94455
42003
22689
32855
8326
82491
76808
71107
80591
70816
52924
85763
69279
82938
35822
22864
12859
27550
99618
44431
43635
82849
14131
88753
67726
64048
86719
44817
31275
90006
94561
41269
93747
3075
68221
83399
73688
73984
12098
48948
66260
31512
7475
32973
10608
87482
563
54013
222
40995
39488
36578
37670
84558
68058
87392
3265
65024
35037
88919
19608
79285
99897
92903
99573
38337
87025
62199
32848
2630
38066
62737
3890
9552
2185
26008
86786
59590
87413
78293
7534
1667
17004
51664
403
23022
1924
30897
31991
44436
74670
50408
91110
35615
57989
57542
25037
30620
33378
90595
582
93100
75281
27174
41745
30421
6482
90576
34745
5209
22263
37953
64430
19206
34309
83393
7788
13262
46265
21337
47088
75455
73446
67924
68303
26724
93232
12871
14954
99361
15907
10169
7397
60543
98040
35958
12646
11359
49139
61466
81549
79176
20713
77233
79567
31033
2697
79693
54016
50819
93478
14070
9968
23539
80376
96017
75700
92327
81018
43950
49137
68876
90922
39671
66582
90628
46467
57815
91914
29123
71098
75054
36113
46853
71481
49605
51159
60569
57694
32194
73670
91199
54357
93437
38530
48671
30211
52238
32001
94215
11385
52390
87862
66904
98183
86242
76419
58197
93181
33222
36023
3896
92772
82371
16707
24144
14868
27490
69859
65391
3821
49344
18930
73393
56006
6740
38157
21422
16175
11473
68185
10706
22496
26484
3519
86063
3318
84066
15747
30335
89331
72603
52291
14710
6712
21136
88598
54826
3099
29079
68746
36033
43967
39085
45930
51231
92979
61732
98041
12535
42202
30127
51210
10085
4412
80529
43347
27428
81354
1802
18692
28507
76101
61460
43242
48503
18878
49648
21350
36358
46762
17884
87455
85541
33874
98037
94948
24504
39291
11939
40331
57208
70911
62395
74627
5224
50103
73279
72590
64143
75843
19573
31322
35618
12167
56056
56331
34456
16674
2798
64610
95733
84714
31001
97668
72657
52472
41413
60240
71086
6564
58409
30536
39752
4761
977
92320
48677
72791
11698
73706
58152
25139
95838
6840
50586
56191
97738
80065
27931
57212
68238
19694
19550
49548
24978
73145
58546
24479
99594
5103
71563
1012
85337
77929
44451
88628
63977
40820
13313
69349
39571
70487
68267
26599
44282
80891
71255
35685
43863
53963
78146
6522
64267
13573
60736
34246
57584
95303
5776
85658
3102
39840
2954
55626
4855
48175
43869
68452
81568
18664
53310
16766
70798
64646
34472
23874
82958
56382
61392
54870
43845
83195
26350
77617
67263
11850
47916
28136
11693
95143
32475
73041
97710
47190
34602
25340
78754
53491
40487
18841
67523
66675
50847
12012
54262
73901
95536
35278
10854
61782
15185
93806
24008
6747
98602
35826
69099
81947
51861
3123
42184
64646
25992
40055
5502
4059
83009
17999
42918
7566
85881
70366
93884
94699
40499
81539
55966
99145
37801
53183
62398
75857
92229
74785
21266
43497
96145
40305
25115
25456
24609
11870
74557
43964
4074
54592
40005
53736
44909
80214
95721
91688
20020
79411
78251
66566
58088
2224
34268
94227
86817
68481
72908
3009
6145
72916
55467
90579
65701
36046
87174
48733
84761
82435
99289
15721
9524
32771
94884
12315
76260
38129
4889
8111
66323
27525
20786
25037
60629
62211
63553
16500
90784
99305
80470
64556
77182
52144
75870
60392
56335
99306
56263
93671
25203
52310
31398
88802
91628
77264
46634
62080
56604
74135
69164
85554
75168
10129
86245
1779
4492
3520
6951
99670
94178
79195
43308
83653
71723
37380
88677
26666
5631
65567
46694
47646
43677
76935
98636
14238
91889
30822
61088
41318
984
20519
24667
983
83087
64145
78723
53041
69723
4244
42912
22272
14120
73735
33556
38390
72868
29425
48039
46487
42428
28909
15869
81025
21381
15402
27020
24715
5376
93807
92066
25614
63242
43534
42869
35450
93153
29886
71217
96300
91094
49850
11486
11403
70109
21882
51401
62704
49139
67534
8145
21258
93371
54744
73279
81072
73156
51026
21607
12299
95383
63448
22352
53479
7196
27456
1020
17215
88324
43754
94505
87746
45276
94934
92904
99426
95152
68292
67602
39958
35423
20397
97628
98493
50419
11878
66110
36053
7109
72874
36188
36846
93288
81419
95659
35632
55487
23138
94833
60385
82074
65966
96030
69209
13187
90799
33618
61243
22540
98527
19678
94244
64580
38232
42164
82199
81732
47390
11175
47714
4395
68978
77947
28427
91976
93262
36725
50190
37325
90823
75310
53644
89348
58472
62875
62142
47328
89922
70236
75773
33907
61553
2229
37706
93673
90926
13551
74688
97842
17734
34228
91257
86330
32646
99901
35290
32409
32548
94159
80139
80219
65018
36948
92391
90746
20158
95358
35635
5527
29364
85428
98496
11782
80470
73260
69924
78405
49475
98920
45367
44069
90724
11097
79261
28623
5244
89919
88904
54377
72333
47220
93482
91459
48584
20852
97341
94884
44630
88823
2303
74919
53492
98211
11627
36207
36187
53031
19734
11086
20533
25712
92180
82218
49320
22308
73471
51756
12727
10298
22844
49753
24557
39901
79207
60949
65121
58231
93651
82968
71478
67061
44981
39476
54513
54867
27259
13238
51628
37563
46896
17666
39738
63845
73750
6092
84535
11011
59347
38865
53869
26942
81921
39004
16626
68352
64895
60537
47762
14171
39565
93174
89060
54988
16986
55663
17646
53482
98829
85978
39859
23589
27723
62970
7619
69181
86951
89
11490
84505
44879
48195
46688
38051
42132
17732
67347
96190
22033
59684
49439
86098
39551
43723
46139
75068
8013
97893
58977
87626
73389
81232
14202
58615
18691
10905
10210
55379
73472
16908
44125
22724
68901
14942
24678
11476
45912
19987
62644
62723
44253
68152
33839
88639
87304
55870
17135
85359
52979
54876
83550
34574
27310
33285
29778
82511
84618
6372
2976
63550
31631
67460
64862
71402
4045
19141
46608
62127
3626
80124
52519
68732
52677
8426
96665
84568
44958
57036
70069
31653
29221
69171
38712
14258
52963
21760
33461
84155
86797
62890
26228
27324
25402
86178
9830
37856
90626
66900
35100
89926
18956
54255
20292
73367
42041
35869
5245
74171
95345
29502
5913
56281
14060
91062
49525
98805
29033
9768
26955
32139
28560
81780
71848
56449
56648
57574
45921
90668
99715
84470
25880
98956
49079
55156
56347
50258
93524
50023
52505
91908
49466
11823
85898
22501
74876
58803
5924
2880
5232
64875
69240
78381
77906
52575
73959
61044
97123
35056
35421
31071
25183
14982
39798
38669
55352
69644
9074
1151
30968
60109
36144
77822
42319
76213
2612
51871
61516
33179
80981
32514
65966
37455
4770
85886
58627
62760
15102
75783
30499
97957
86729
68029
95162
26661
97750
55080
56622
36768
43884
65756
48155
92244
67539
95824
97395
455
9329
19764
4118
57156
91352
17372
28644
52641
10091
7023
90268
14698
66409
71285
1795
99468
36243
97881
32736
31116
72870
96660
95543
98486
56869
98115
63250
36229
1080
18193
42727
24166
76969
68611
21084
16516
91087
60292
51916
41830
23293
2213
95373
38391
97297
31300
82586
66275
25068
30552
27876
78709
56758
76351
10108
95493
69242
49022
14087
87906
4532
15703
90290
17601
45069
47814
87699
75869
51655
83270
79175
44269
15670
3210
15558
52962
59865
3795
70526
68327
1537
31020
622
81434
10147
9851
92820
66731
22437
85483
74511
73189
52549
8920
28100
77116
50235
30626
22247
99106
64139
14009
29042
4820
3991
25622
87484
41820
14969
10405
22903
13124
30698
9535
58759
11015
16563
61239
3875
13663
58290
56814
90801
26265
57889
63149
17586
48199
6016
21135
83909
41157
86800
54816
92760
86001
69239
82478
84784
45214
19092
50596
920
73131
77434
23013
38718
37408
24815
91925
23870
30860
17829
84771
84262
45680
87038
76428
3105
26233
39436
57495
58973
22488
35874
66914
60923
24105
26791
59111
77893
92492
94002
38641
30114
8842
10688
94871
18056
13830
19200
13051
48747
277
89747
71596
91968
87586
8338
56309
29348
65303
96885
26769
55977
29776
38530
55870
34131
87370
9848
82423
12396
91770
52285
42039
9937
68534
33872
60458
13035
86068
90131
76162
38273
54308
24055
24841
64422
77903
93210
7792
46816
47876
31037
6492
72196
54352
3327
30663
8620
31815
96797
23070
63722
23362
66487
90657
24293
96715
16673
27414
72547
18233
71815
66357
39693
67003
83867
41249
13737
48651
15379
39734
63613
8676
23688
47262
4712
69630
13211
89687
13127
31025
72628
45826
65748
86349
88923
17621
81847
44012
61871
97398
97559
50105
3370
34212
87602
68207
16582
41667
66391
89297
37533
91623
82317
47222
9644
17327
72263
96630
79494
4146
16573
85350
8514
99796
40090
51397
91709
46282
98115
7669
23134
23592
86057
43000
62091
24169
78725
65905
88992
64654
1438
66280
71977
78252
28331
79914
73192
66900
8429
70314
48308
71380
80934
18942
59397
56865
56021
45015
85364
79564
7688
67589
46775
95101
7928
25414
78648
81847
43997
41047
23044
92534
19835
86837
80778
41050
5765
92994
2566
84811
1029
59394
93017
47481
20588
11936
63388
71179
57647
61836
9133
62917
17382
21264
75326
25389
95802
71379
47621
49289
21445
8790
45098
78270
36777
99286
24380
32154
88196
58180
95989
39089
67960
53945
89591
83937
87516
92433
42187
56503
52146
26987
96842
79483
63898
91299
69291
39292
97664
6848
87021
49712
93520
60794
13166
61442
56348
61161
35112
37221
1306
13486
28066
73291
86717
20423
32518
90727
18283
57176
88881
27422
67959
35815
45834
8802
31000
55200
87253
98121
73649
10762
34182
49662
70629
4283
66409
96375
82202
33073
20263
5614
16788
89793
27499
84090
40752
65579
22973
17106
38466
31677
69176
456
3324
18766
76566
44374
64781
26717
17143
14375
65763
26412
30464
93894
4169
79497
25679
90159
38891
59218
8218
3627
68100
3415
39813
12092
65352
68481
78314
42943
77919
42732
66188
71196
88131
28850
24477
12577
8813
34709
41056
37655
11223
6356
77637
15610
88810
22177
98576
78205
40214
35024
34108
94041
82002
86579
75458
67729
62501
14845
33068
38379
28298
28038
94427
2140
21394
63541
59804
44255
41334
94743
84358
80086
29496
16884
72519
59042
33829
60535
90533
2656
22290
34016
57737
85498
26273
14146
77266
15357
52163
14357
42693
88835
39980
62033
13529
91042
88311
55076
57124
67976
31757
30594
85821
42288
81918
41974
91434
85780
21507
25266
45572
54054
94623
28386
25247
14625
452
97027
35334
74490
32475
43185
7079
90379
54657
58722
94298
61118
80891
50245
43124