16384
70188
26128
89046
20745
98446
33012
28172
59891
24962
82256
82846
54003
74109
32131
37437
73553
61529
61351
76203
20565
45459
93917
92736
97632
88407
83857
37084
88209
8907
1604
20594
13849
35790
5110
65117
67678
41260
99282
78652
11007
79599
16942
74773
48981
61559
65620
45485
89792
82102
68871
78476
50674
16924
44673
19692
46086
8516
37743
28461
61185
7828
29400
89775
21029
84517
41480
5897
90210
34544
67305
32788
2204
72122
58197
89131
2782
6970
9339
92941
52804
75625
87424
97648
68681
39238
39522
42155
59678
82375
78540
76040
35474
62000
34646
18441
54486
15861
63351
25789
44538
96834
97491
88113
16968
29693
39286
10323
61402
28899
17053
43839
30033
74565
85094
43512
22535
4734
43652
24418
8360
9383
61485
84189
91904
57673
30796
68543
35598
54140
20847
90330
42446
67848
83306
80710
52708
45771
27732
52555
31512
75598
55912
99152
88797
60318
73281
49297
66106
99342
95348
48650
2035
59287
56543
88832
45869
47019
38017
49574
5261
64217
36066
60229
9163
15815
88611
37279
72706
99099
5676
8652
50376
42043
54008
58648
22659
82602
82085
29123
25507
84268
38760
37229
12213
59410
73063
18608
89909
8888
407
26315
28232
35993
83910
23554
36571
62322
89539
14629
30298
65991
55827
45585
64543
94217
38784
80512
165
91176
33980
428
85642
49529
66439
83944
35871
88661
88921
57419
59464
89886
24924
56871
76280
9661
61149
17967
42344
60552
78592
47912
3034
38114
5228
5612
94746
58225
80370
47839
22298
25231
36687
38935
52656
16646
8787
53670
13961
75312
33534
97807
69131
43947
51743
54284
69369
83977
13142
75129
72477
43658
23513
55763
35567
25422
33740
41633
71512
28806
4979
43911
66112
21547
44134
49668
82313
3915
81035
5148
3658
23488
98590
26536
83095
258
20463
24580
65200
79124
92553
66586
85641
55870
53024
90160
71370
76598
85587
33035
64164
52033
50780
75050
81526
15532
56125
47727
1965
14324
36072
11175
30046
89493
14472
90936
35206
74092
50527
40979
41724
45788
29530
19331
75255
7190
46840
2654
67646
75533
37294
10541
73243
32604
16983
78886
69215
35248
48463
4426
5400
61263
65330
58397
31882
11369
87452
45327
51152
46482
44666
65842
73969
53882
64425
46090
43619
24532
77804
70768
61274
60935
97514
57468
93990
32968
40197
98970
57649
79763
82421
83011
13444
82696
43310
89239
93606
22447
94606
70983
25479
33181
19672
13811
57989
91926
92584
16531
63675
34854
31377
62026
92370
44086
89245
61831
98515
72445
16444
54719
39996
76178
80798
39039
12504
94096
87735
17599
69458
64469
7951
28806
65735
96127
39179
85242
86076
90023
81364
35603
85857
40178
44745
845
31840
14398
21103
38736
93138
47734
75063
5242
60692
80435
53418
72035
50582
38641
33580
64939
90959
53162
35581
7011
5624
88970
48899
70010
28268
38951
34856
15452
70025
2309
68363
19345
66650
64702
17016
35879
93746
29328
53003
64748
98661
26725
55591
72636
57412
13391
80796
64737
26922
61949
32708
2272
79243
16996
38428
19527
41356
82605
84862
20424
30781
75218
74767
9045
33917
12589
22338
84185
83806
39695
89966
37016
24885
79395
32105
50059
59965
4224
25266
1521
1442
79065
81107
99961
22403
91525
7800
52472
6882
66087
49107
75258
32943
81525
51023
60172
26503
76756
8299
58192
18012
30589
54686
4954
65492
21115
47284
60885
81925
35200
5274
96501
98122
39667
49409
26230
76530
47534
36656
63046
87
59473
73937
24709
65403
82165
45897
56475
80510
41287
39304
81451
28117
14355
90374
36786
44327
85329
22343
91631
73653
49854
94629
56387
34999
64980
10605
18751
32652
75980
20099
96445
7517
92264
93584
62370
94282
41467
91586
28369
54106
13142
42932
46735
73374
92572
84164
99233
58693
68788
82257
63866
9807
8802
73357
18093
98310
57000
79135
19968
2810
36980
35479
79914
33513
97331
68719
40018
25937
43460
30421
19966
48456
70673
78521
81392
26567
95635
79800
51365
12625
96093
81245
76009
50453
58820
7520
64491
10917
69303
43185
35462
29571
77677
43646
89385
17727
72741
17672
5409
42532
8896
58146
93421
94700
34220
53885
33334
60020
3053
43675
23029
60785
41215
58302
72861
22997
20003
29368
15423
6870
87949
70465
71768
70883
92871
27504
90458
62868
49749
29068
92049
76261
55530
1425
15104
44895
14676
35251
63797
80423
79041
47063
76013
59791
18764
57156
67854
39763
73047
45473
58898
65506
97477
87999
5596
8542
87690
32462
64579
80418
40803
77356
75439
55154
61285
11894
43357
34630
91782
22894
28791
64711
65410
26114
28923
7093
97499
16783
68626
3049
71223
39610
87626
29881
59598
33208
65853
69441
79386
23424
78352
29385
50792
86549
17186
30494
68023
59173
73126
71063
12552
35450
24099
19804
66379
11494
86297
3386
94245
43472
46664
81083
39939
45792
33276
59779
23755
76030
94823
8651
39495
29546
42403
40905
90004
24107
19002
80913
29966
74901
27838
49751
85910
82448
31137
25858
99174
75973
49566
23498
48231
28517
293
62392
24774
17195
97907
28780
99371
93149
83999
66636
30359
97469
23721
52657
99819
11608
94115
91746
49027
65396
49589
40209
91272
37031
98183
38338
43139
47961
85519
48717
56721
30207
78291
88564
27274
32950
81551
3699
7174
59672
4045
80005
22994
68093
51924
98761
55172
82084
52169
91384
9606
31799
76830
16064
84055
16725
75960
17323
90197
83579
25228
49587
85406
58540
91963
91954
47222
67569
33157
46080
3299
39957
30919
6232
73250
11370
62985
96593
71888
48358
77266
4432
36631
72516
81961
92003
3114
3713
970
62952
21724
85361
46486
88588
96718
83977
34112
63764
44744
43201
15125
84375
84846
4050
36040
45947
56842
36061
36480
96409
16497
36853
24392
89220
85337
74261
91633
64207
24704
45312
48600
87975
51462
91848
50532
93616
35713
38498
6604
30608
56938
40625
81999
37212
91309
47392
57851
93444
78471
74160
67352
87832
38530
4852
14058
33830
11441
75990
33268
67844
95205
63206
53999
89296
22161
23319
78963
51109
3225
35694
95919
41544
67791
90689
43104
12844
43731
61305
29817
83331
93624
58056
41673
85247
77512
22578
7813
11682
465
30430
37904
59412
22812
29536
68690
9659
47411
34393
68297
34815
37040
55504
33398
39441
71536
13638
47440
67602
24926
50079
3284
68622
35087
81401
97937
13329
98657
90198
24664
17342
73257
39941
26626
22072
39922
59601
94071
30539
88681
33002
65707
39543
28190
45111
55648
27323
50996
66671
40289
13056
80939
24070
80708
29008
21913
73984
30521
87702
57635
65644
49193
62067
32195
72672
845
7338
74402
89247
51325
89618
21767
59160
55651
3575
8092
92572
64173
61916
10916
11044
90423
97337
57529
52741
17571
57707
80595
38499
3481
57494
86564
46394
5185
9644
3398
11422
87230
6521
406
21955
80940
8447
19292
34737
93457
83007
9966
14831
83179
17656
11159
57995
8341
19894
77711
13381
57108
37052
98732
69421
91445
11281
83329
51049
14857
46003
93116
43085
42087
20896
12329
27676
77804
81667
82616
5793
13738
89535
26010
65619
7598
36970
74592
96157
91995
54348
12354
2286
26584
17065
75537
65125
8058
17040
82233
1611
9396
59328
44672
43750
78141
96692
29797
28947
66594
27048
93982
13114
26526
45981
54378
73377
46974
27086
80260
12049
43197
15492
57010
3484
72583
62127
68851
47170
21985
58298
81755
97444
61283
45275
87751
63293
16956
55492
81076
9706
11604
3292
90333
61217
63804
11852
41160
93170
68392
93706
39391
21676
30074
56516
7869
13562
37115
1548
10406
20732
98869
91007
22280
42797
65422
75716
1435
56732
11702
29516
6248
70030
36520
36883
90486
16357
75771
68562
38517
94163
77579
88876
25103
59744
84402
87987
86589
26922
79276
92780
58164
11228
67301
9155
76876
5052
65627
63070
25358
87685
72464
79871
79556
87340
73371
7477
28955
53383
20654
84534
10322
25427
24994
93520
45478
88282
20980
64981
26454
4190
10285
61187
26967
96512
31738
69635
38818
2406
15672
71790
51203
37087
4189
17011
54828
54535
73121
76899
49224
44311
17913
43018
65696
44081
93104
80050
90412
29040
72875
96765
47682
53690
1362
70289
11277
1556
8915
87383
97845
19941
2111
7474
41344
54318
44574
97401
16710
60475
5338
43623
49611
61896
36319
55618
41546
58431
85388
10951
2037
16749
29346
44858
2858
71616
19062
53342
18370
44316
95208
55198
7716
75694
72290
65495
39595
19741
92953
31760
6476
27880
21116
97654
83876
94509
51952
86021
40060
27102
40741
17770
64958
78103
55917
34512
59415
88214
51990
74377
27895
39570
84834
19654
89313
99209
19501
43479
73756
50322
22967
10434
94985
56378
69111
11574
16488
54928
40282
28051
4077
17410
64428
99819
2012
15601
81532
85382
22449
35283
61044
50594
7606
98254
48843
38476
85815
9810
87268
34180
30347
61979
87797
11836
7394
74778
90095
65681
87382
54813
23379
23159
56499
30093
76571
41190
39922
97832
11795
22827
69010
58098
66409
64348
1240
51009
11502
62138
17694
27184
16795
14764
94101
31346
31541
51610
42798
73469
91227
9298
74821
73216
58130
44554
1347
15745
36180
61893
6385
73824
24858
74107
53248
51354
14849
51409
40400
13864
30770
84657
6928
64615
17647
53725
18924
83761
74757
87990
15255
42306
41096
89366
89926
7478
20049
77446
54241
75916
9128
52513
55730
34256
35047
67453
14404
56657
19770
64080
16921
14187
9855
3275
24417
32423
4637
18351
81346
62518
35870
21303
46152
65718
10313
20097
6539
92260
6553
48730
84275
1486
48304
69385
92836
79607
15956
67084
24664
20632
32420
31199
45908
17015
43667
4819
82836
45124
22409
19952
7520
23903
72723
75226
55724
14576
89998
65781
11019
63981
98519
45225
8323
99786
70093
6140
44851
33577
5052
58480
28609
67117
5586
86039
31524
96763
52807
60185
84240
79214
52758
76059
65223
31923
92111
9995
7459
17778
57615
72438
1204
28423
55164
68992
30500
10377
22248
51846
64974
18483
48659
12821
52399
57373
64980
70765
47659
538
76536
42975
34304
90300
65123
18247
31866
23863
72248
43567
15646
11880
64731
71919
24945
29470
10199
89266
19047
13123
54973
28674
13709
52109
29934
4978
50183
65325
93451
22201
28795
36386
48509
22962
89697
28943
59160
40941
43607
76578
23663
53889
79847
8251
9462
65040
27166
45628
77557
39769
17657
31368
16856
71744
4735
58762
47926
95604
15432
48908
637
97889
84103
50402
65807
46815
36204
49761
50101
33334
4818
31110
23999
31220
25483
27943
41252
4238
69579
70611
65016
20434
63615
89056
69208
74559
84200
30060
36959
14637
82807
88906
37751
67951
74897
97195
7926
82269
14584
17680
17623
72205
9150
70128
57111
53979
19130
55995
88552
26701
68480
57666
51531
11316
56661
64948
61262
29267
42572
185
34202
84699
80479
64866
26409
70102
22428
2567
79607
79665
90980
99165
13957
69415
51147
12956
99008
67056
90643
68097
90419
86348
27159
9836
70562
30947
5830
80055
64278
86609
917
86661
33669
92164
30346
38374
63550
31571
66905
76961
64571
25681
83613
24037
83263
16860
10511
42224
15836
6564
45778
49577
7682
87007
58662
63330
3831
69945
20657
9783
19634
19414
56075
95590
11309
19096
17384
58344
63378
36549
58234
87236
75756
52287
82555
31400
58822
28125
42538
22981
36333
74747
37152
12042
99110
15709
9259
99329
90707
61110
26756
69094
74725
26705
46513
26215
40661
23971
81321
20800
3078
90184
92203
17977
17385
92844
91124
51666
97024
28883
55436
91044
1002
28561
53535
68038
61263
29842
95619
30821
72626
87743
76570
97597
83477
81843
74173
87178
12917
90455
96937
66778
14624
63082
95372
55129
14428
82102
53734
16382
45406
52456
66180
86325
72468
39591
65390
6380
16875
82454
41900
75913
34715
10015
32955
1181
99889
80673
93416
95058
94624
12748
629
71557
37411
18843
33648
50810
14763
35384
59418
80830
10010
64290
2704
10928
17828
18934
60536
33694
72420
19139
64027
68628
78491
92632
43467
78184
23899
39342
30085
19747
79487
19908
7705
96808
6130
66499
97363
11949
1856
87731
65849
14166
67336
18951
98067
67110
78049
48546
39684
3571
88900
95608
25555
49502
12985
26243
52383
47247
52046
43842
45912
48831
22981
29064
18237
76620
8624
70536
33554
58554
39442
88144
4408
87929
75416
62385
7524
6777
66424
12753
71084
29334
90451
88002
78452
33483
21141
73979
35565
98218
40126
25664
33887
46502
17980
2172
95175
80758
18204
67701
48268
20864
44760
51706
7609
46683
93205
20134
15155
41466
37299
16838
56633
49545
40691
24514
4643
53489
66950
69922
94437
96800
67787
76401
40872
53030
86101
67335
64693
23457
7004
29947
15062
33863
24750
37457
39792
4654
52059
38461
91750
83187
16307
1188
49845
6642
61340
75590
95851
18173
39521
16710
26635
51721
94480
3841
93654
66916
90361
31400
54675
38357
85185
55921
9475
46487
18870
97385
4972
28214
38327
36272
12219
71377
55586
61130
79481
24363
916
40928
43565
27563
97889
17544
58383
64561
10669
51307
31182
36765
32176
76784
61264
33021
89859
55217
59632
21465
66977
96283
69027
18749
73798
81702
50016
89597
50279
34264
53598
57210
44514
30446
20594
87301
22859
86141
97742
31416
89626
93846
32772
64314
96945
26601
32790
78127
62089
66538
94940
27237
86319
8620
757
21063
62707
50820
12436
29322
80679
76893
59790
36639
94049
56911
65241
32229
90301
33618
49439
62731
19017
78479
20808
41378
35101
99910
42915
88486
45451
4592
81212
61343
26243
63594
22927
54826
36934
52040
1908
34296
33301
94788
27776
77973
41698
68382
87857
44735
50855
54599
65443
91279
65928
25076
24687
28014
55866
57692
80156
1955
38009
6359
5855
90921
52029
52637
55379
7702
74612
38474
74420
71722
89521
24522
75395
5121
84414
41736
22859
56219
52274
17010
51988
23335
4869
92263
97420
90790
70361
79923
61197
18775
84392
32580
66277
3424
23409
98891
62578
36378
76489
14364
44214
69523
88134
22531
70759
43293
21148
42652
51665
21235
62668
48219
67998
7914
83592
71637
69466
58677
1676
37142
82780
32170
33852
75960
27734
98759
61414
74010
18853
42968
54162
32338
33081
4388
8192
44791
63542
4315
98624
97972
80859
29763
18677
99163
27083
63255
50800
72344
94412
15994
46245
74075
60955
59703
50147
65057
92384
76189
7459
42707
62852
25510
50143
22642
44446
34365
8317
67579
68169
11632
74532
44268
48404
81339
45488
42790
49
51008
69421
79524
80965
53959
42544
82832
89865
63681
69410
3200
71882
43368
66098
68376
10212
73723
58940
42157
45005
36997
94492
66172
22204
54420
88334
42639
72138
1203
77156
19014
33432
45562
41046
46954
77148
81000
39720
79006
46258
19914
27756
70089
528
20336
30500
50729
74046
85690
44192
92254
54283
26857
87734
83589
74414
83439
37447
36170
58014
48935
19215
27022
32223
57584
33025
71449
51337
646
69586
11430
67738
53202
45000
10521
40654
67895
22643
42003
63949
81705
32139
29884
16763
19685
12937
95794
15630
63787
12568
7926
52259
6879
93453
5317
85809
50972
30274
5462
54406
92959
42428
28072
27953
67584
67941
79903
19553
43583
97345
61217
77529
24398
19012
23766
10995
77019
47291
8850
90019
29640
12259
56452
3111
19867
43216
4315
78775
40849
16737
70180
46802
42624
33307
41521
18856
93516
80240
72372
41265
27091
58371
39517
96589
49602
69423
5588
16684
69882
99994
51904
39628
97495
57146
27484
68347
3271
1888
89996
26395
22856
33960
4094
85138
49676
49108
33833
66757
64666
87309
58915
10492
31042
4717
84569
35793
40605
83449
83541
51454
57852
4437
89300
13201
5980
11059
41236
15796
49239
18301
83619
40325
14930
9713
19785
66905
30854
29690
92197
43078
95317
77000
18399
54697
57104
65411
59455
12283
80392
46186
70321
93203
16517
983
74689
37920
18138
66929
49536
4219
12972
36601
54576
97990
35537
76096
89438
26650
43319
28416
66571
72565
42248
85195
89047
25926
94739
35058
65985
64674
82300
60389
75532
77296
55651
39623
38382
8775
10208
62559
35630
66768
10527
70299
78409
45998
8821
15771
64685
92181
41602
30172
13188
24594
67555
58628
96627
80266
76682
61474
55808
16221
24390
7281
15832
13714
33158
70431
8662
21377
9727
21919
18243
26728
81771
34141
79876
73586
73982
16126
7932
38350
35928
56918
69878
82206
4896
30540
43856
31195
86929
98347
18508
91279
7364
58998
38565
71300
97344
19246
3885
57408
49059
78326
88840
80410
96431
39195
26335
99473
7886
33082
33199
64478
2579
64111
44618
25231
19546
28301
20225
49042
69675
33701
16362
19134
54836
64919
20483
92363
14075
59095
70154
26665
14814
19625
60913
82677
5795
15033
91596
97160
15087
35218
29150
58211
54859
12994
33865
21344
67821
45088
36891
86761
67080
71442
65287
34025
36832
13032
36898
20942
8165
52892
57816
18459
30704
99079
79201
88813
56627
44296
65594
79154
65454
91309
93809
27516
54856
21232
27408
21220
34798
33136
10944
58977
13258
69485
75795
90055
70401
90605
15435
13352
26187
79706
53188
5931
46975
64452
78891
10416
36637
89072
74141
61077
65291
8229
61492
80596
97433
95765
17966
1811
71281
19432
30389
28279
58305
97336
89551
84145
24053
60011
89514
77945
85815
31309
10429
22719
69438
68653
35297
17814
81206
34362
78580
2142
2326
63544
16979
90040
68390
43782
1167
55982
96286
99152
68267
55819
7376
50825
99270
99780
8204
75011
48591
54387
57203
98789
74930
8490
53256
30022
65009
22564
61807
57720
59330
81738
95394
43091
8351
31247
71124
84587
83694
95446
69553
48132
46072
14898
28115
82248
12526
19424
21720
28200
85831
75387
16932
4890
72039
31818
10976
44457
20304
76621
50129
65726
72316
80781
54980
23981
99294
58831
69427
4376
75886
58488
92693
70021
56563
9133
56433
85519
40955
70582
86285
23043
33321
95589
8412
74712
98421
75004
442
55962
20386
66295
99396
53743
51216
75963
16576
7116
96499
61502
50349
27165
58182
25355
79545
77685
51137
97407
87325
45305
86520
91537
38952
16908
42467
53435
91796
53627
24982
44107
70511
24314
90075
52160
68404
58190
71140
67992
5120
25762
51278
64194
97020
26878
87646
6108
43064
33049
39341
76254
93878
29958
73078
68298
26886
79781
96962
15393
35151
76226
28615
45621
93240
92039
53275
30550
63722
5122
52020
34489
34774
82456
98035
74097
83944
21509
58194
22441
50249
51400
89237
52910
52030
16184
81763
71188
67197
96054
56639
13194
19640
44498
64584
36740
77017
3593
24135
51029
66125
5269
1923
14326
67835
30876
25144
41732
22777
21946
56551
84788
20352
14761
7416
17326
7469
2469
55211
7397
47893
94076
21211
2553
55874
82191
34206
39843
32136
47250
98558
68387
84487
2158
97533
63567
81345
2585
12484
44428
42460
70512
63860
41787
555
96628
28095
30075
33479
18085
98025
4801
34455
50570
5774
61059
44130
89507
47034
87001
81124
23027
86637
27297
82339
21659
87798
96790
70294
13682
58177
92656
27111
81280
87401
74323
13377
78199
86273
30022
2170
69480
99243
10519
6457
4554
78230
49369
16774
49434
89463
5119
76487
1294
32952
75066
58397
47163
8798
57338
92154
80189
86684
43804
68967
1035
9735
23484
13732
29746
94806
21049
3091
37085
36577
77111
64632
51517
64144
8971
59206
78853
70996
2180
92981
15867
2989
72604
68502
84663
19017
30832
81996
51674
90224
53949
4624
33865
91864
94729
63333
49802
43564
61672
22001
92047
13726
39257
62018
42009
76641
55135
46170
28881
74817
94600
67431
57153
5076
22858
99251
81729
69263
63555
55493
50062
77030
15054
84158
71587
48718
73264
85161
37863
15971
99090
78119
58057
25393
33102
43598
83735
89166
27143
31876
22025
23609
37153
81786
62062
15703
17768
51032
18134
95119
46655
9600
47885
17282
96242
71074
5082
87491
75332
83504
36326
70133
5937
1485
58739
31075
63616
93373
13959
15162
29980
96825
67348
42557
91814
94942
12192
43592
294
95871
65053
14830
84389
96366
64297
26775
5776
92738
62723
62220
29385
60987
9636
25296
15018
43759
27748
87873
52734
80212
63182
32953
33632
29758
10694
83359
35484
49092
67644
58512
29507
39233
25263
2972
33710
70150
99785
29032
93733
59272
60105
49503
40927
52025
28126
64469
48609
67830
819
83345
39187
38893
57166
64789
11108
61667
86159
33066
5267
14311
31790
91417
32683
2538
60136
68573
59107
38864
74971
12899
88894
41408
92886
76771
81025
47549
31936
304
23440
34835
18753
19583
9114
51676
50543
55726
48507
79015
36857
74087
89459
62075
44883
31364
5416
81513
92962
70818
57313
6711
20214
22309
21994
42531
23910
15591
99491
77922
2461
55801
75695
1337
56050
37504
63046
84431
57118
56362
69328
11281
36295
33307
68409
33876
7142
29272
43716
23591
22653
62402
24766
96513
88131
81988
59195
92435
62911
93597
70509
34663
29032
36518
50439
58747
29813
45979
35086
60910
77890
32477
76932
45480
4780
26230
66171
12226
67343
50509
58013
70790
75818
43004
60136
67884
84908
78073
63052
86889
70549
87007
1750
65042
73887
95008
74839
26272
6689
25647
647
3703
45069
4686
65361
67323
92748
51368
82674
46709
73867
93330
42683
80497
15937
87861
7180
65433
31984
98079
47162
82591
99611
63371
70601
35799
21386
63223
17723
56359
81669
71181
49362
59222
80247
64795
41884
86879
46250
51979
19625
59274
3575
16246
54380
91642
1749
11190
35271
35552
81610
35076
7176
50826
13864
94326
45487
2202
45970
74378
74560
76047
45252
52955
23812
19912
97229
10503
95173
78202
46327
4597
7060
54268
19214
50901
68345
58744
2635
8445
11752
55252
99073
67193
62978
20106
40461
37266
92
18000
68811
24242
52992
41791
27065
62618
43802
63056
38670
12963
61447
66608
75357
64812
35638
80352
45293
65887
3667
20303
29959
42248
61362
22846
14542
95010
40005
8270
66275
85061
86024
80059
30846
9249
71162
83853
61834
71475
55344
29794
61708
98508
665
47600
10626
5989
71978
28881
29957
96319
46240
70608
77585
15094
69092
57016
79206
89764
59538
14217
43553
56092
74851
93516
1906
20256
49118
11762
9494
56744
47918
4333
70848
49479
92463
35885
76376
21475
48708
18378
64577
90397
87616
56458
34096
59378
27253
18614
95779
337
9137
54924
79801
72194
26148
97999
52375
99998
12319
7333
36695
11738
59087
4148
93868
10988
32979
38764
91028
26041
78544
59411
74204
6112
94275
59960
38650
90692
60789
12539
84421
84539
48412
95489
54123
48786
35067
58589
8109
70387
78250
49895
37259
92744
88626
82531
82551
98894
44230
39939
38141
45246
73041
53328
97117
151
5697
79109
56875
99309
79069
16032
29235
25298
68790
40422
68742
87845
90098
21525
85072
2234
191
3636
93674
91032
20193
77488
3396
48092
84755
11191
16036
69294
18495
67051
40281
4788
22336
78283
39150
22610
82829
42530
75886
39499
70647
8007
22212
6403
38532
58135
71075
36005
20628
56221
16970
51550
26938
55327
28961
48373
72908
26563
63240
91952
76307
71175
99863
11687
36675
71519
78474
5211
37062
69945
30661
49608
56721
94565
12691
49932
71677
60276
67270
37574
34547
96032
12642
27594
6292
27531
69181
56709
65721
93677
7328
73718
38953
6498
88305
89130
81887
95392
1571
29448
52124
85821
36669
18391
27623
14691
90395
80054
89678
83745
18856
8439
3008
24732
4423
65033
94672
29409
55195
17255
94242
99616
41339
61105
90310
22906
66987
75301
59084
55394
75818
12828
68541
39324
89149
41578
27563
67713
29206
87091
65454
36264
32963
14511
22313
40693
5313
1854
15593
11594
67797
2711
77280
32914
7799
69107
720
92322
43817
23245
77537
22710
17876
43176
11243
7801
66163
86821
66794
65426
46313
19781
4557
76292
27807
28822
19679
97747
36909
14071
93362
74591
94042
71903
38221
87214
90909
30507
62297
56951
98344
74312
32285
88062
83132
82783
24963
31144
26620
67812
57475
18236
85344
45165
12328
18466
75689
26852
55070
83479
30409
97050
79961
91489
72705
59278
79967
31501
62062
10860
19863
13016
67231
19390
97354
49234
25375
97229
20562
43351
27934
63721
50331
61165
21591
170
18961
52867
68877
36395
68909
3135
41375
10140
24153
16960
44077
96848
6646
40612
34644
12666
46957
9144
45608
9199
44769
42184
62342
26098
96222
65685
24447
86942
1463
73783
29926
6525
52734
93586
70968
83946
33022
91826
48405
16960
37383
60207
98484
10033
1141
5991
36747
57613
77314
20844
93847
44535
39181
16911
39697
44536
56818
47906
57518
68454
33783
24057
39474
51505
56420
3904
12060
89785
37192
24669
69759
38151
98730
68813
9977
10974
67087
97352
93352
4362
95986
99980
73722
89436
95572
58009
3051
74672
87952
58350
32958
26879
16066
73138
42507
84246
36882
60058
33758
79792
27837
11401
92151
5891
59937
67338
55267
89076
89594
69758
58277
56394
45688
61385
31058
45431
81165
77042
38431
84909
36256
62193
78633
54873
55108
932
40820
57078
69647
36174
91039
95232
19645
44082
18909
84885
21199
18076
82561
27847
23278
31378
7540
15209
90141
20087
99238
40320
84864
74080
7697
89333
72269
80234
88474
86166
80295
54295
76718
86429
7373
67370
72690
44737
43685
20153
83255
10466
4222
21957
77279
72526
29934
56345
36660
98847
9937
92531
55423
87333
90651
95601
21596
98060
38059
24415
10804
54416
58764
21310
15979
64350
97702
29468
61194
11910
52745
91531
26979
60900
34815
62117
99634
21446
56348
85933
31235
51420
98922
45849
81942
64066
44667
73891
37739
99838
27088
89803
56015
64779
13966
50947
89714
87445
61714
74508
90769
552
79182
25274
26669
172
54580
68015
56897
93765
97901
38588
66001
5405
83748
16118
34988
33528
55628
3354
65756
88520
96130
65372
34550
41137
47560
65417
49528
10547
19997
87015
97723
572
84397
48611
63949
99026
87517
89418
74168
17216
29751
2066
38190
51040
53774
13999
98005
37205
94450
61899
91611
42804
4058
9567
6045
28245
41194
71925
49665
67409
72721
24962
78740
73544
70259
4417
8874
14305
80094
51950
56199
59688
3877
56482
12253
82757
15156
4162
94411
92525
66279
19343
45672
83561
16981
32871
61604
20166
51380
55886
92641
42550
26744
53137
80203
51920
91834
44266
53681
77240
4786
31851
65949
67726
25135
95613
21197
96780
96456
11650
3945
26064
83226
69577
25772
62618
45761
3347
55480
96269
7828
34257
73655
37007
72597
92596
68298
48812
70897
51373
15995
80846
64708
73656
11059
55921
20174
43611
67463
17341
21507
46401
48389
47515
21855
28594
5305
50633
91108
55481
40868
15015
56330
17545
8787
917
5237
29363
39400
82727
29115
73951
50444
85077
2987
10997
98136
59110
1401
75606
97585
39762
79624
43329
5292
94171
51165
66086
16302
80959
68878
47549
92882
84304
26237
42915
13461
65924
36546
27414
86923
9927
82754
95559
14551
48581
76058
54223
17953
66657
49190
42512
76539
35466
11715
14165
75035
36798
85611
4484
98617
6753
18325
75128
25255
6517
22360
77130
50667
36340
9488
99688
40949
27741
66986
42979
5829
11851
7132
36007
49246
79095
19967
73242
86828
76820
59883
88937
29202
19532
94748
76678
10689
21109
48852
29381
85088
11484
86936
62976
97795
22494
82634
92511
94770
24184
75912
43985
11084
24559
46382
14750
6404
34846
32562
60512
9580
41146
40223
43368
69790
49499
11864
28705
27808
76209
75222
52665
42929
45585
72491
75136
6282
19939
2849
28301
65452
63900
39080
93920
91003
18892
45886
39967
75085
27631
48685
12894
38784
78178
42355
73284
19617
68103
49017
66914
48556
47209
20995
31227
83172
93677
95558
63598
64051
79588
60803
73614
27150
41839
43333
17892
40548
87271
78672
25132
58440
3323
90853
29332
87000
80926
67009
37196
34947
14485
26885
54730
70159
68333
36048
26868
42056
87155
32868
92918
2796
59315
65121
33297
78749
1752
57531
49267
65694
18495
92493
41899
87981
61004
77919
71976
52709
16522
34878
1938
69673
49439
56101
53133
76076
79014
58408
18890
24972
84649
10543
15546
16047
85844
65223
74623
33576
58247
42226
52805
92630
20360
1764
9112
89960
35425
40653
13956
79374
66260
15012
46459
67966
82134
44795
73383
88868
75722
17730
48279
48689
40952
42160
18207
48884
79107
37383
83552
60434
87919
69241
28821
14287
386
4868
58270
48825
36977
50063
48157
7385
93340
9302
39243
37812
80825
65864
64394
22262
76347
24524
7763
32310
70132
27357
64495
10939
22882
99243
9980
72805
91023
22517
75885
74505
32497
98256
47358
88979
53377
12293
37309
39587
53944
42885
94651
63673
50819
77106
74014
15703
51569
32573
5767
31135
27055
44673
30015
3385
74332
43179
12624
23343
59833
29592
3858
75211
17846
50426
54018
56144
27011
20271
51816
25601
13365
89592
97508
17262
42737
94550
54222
62705
65229
97533
51649
97377
63885
24637
16345
32589
38622
70469
78734
13531
32193
77897
13644
53989
68005
25697
2166
5804
39496
97700
90800
37686
79361
60614
30946
47432
41204
93315
93072
78287
13877
7367
6170
69490
35845
61574
53086
25584
46405
67699
80987
97943
28197
26977
30107
43466
99594
80799
49983
82532
8790
8810
61016
10314
15154
29830
30947
68660
73357
61320
64981
80623
88843
68441
64195
78774
97468
49524
56566
57665
34932
17244
43379
50622
15592
61657
73759
49470
57657
34825
91001
24139
87901
13688
40114
43701
31753
27114
2565
37746
73687
46973
85611
54981
97056
8700
29293
96370
6443
73369
99572
47567
97368
65580
25274
64623
68288
53137
80320
11826
16730
69734
60578
32645
25465
49555
95989
9651
54307
4634
79044
805
4438
57677
79842
41011
60148
56510
53820
51722
93137
41619
87254
7947
98781
38303
6784
15611
45044
80515
48478
56006
18576
27145
76464
45615
76126
65399
96805
3184
54562
66281
28971
26301
40557
65765
483
69145
59281
50026
95571
26794
18053
87212
78513
95246
27634
1135
99604
85272
2478
77403
63084
53071
94776
30307
58194
17421
88997
5282
49563
76789
74426
26815
88514
8639
63736
13147
51826
79128
12368
57858
16675
62997
98247
73735
221
51879
3186
26288
77284
58377
8068
9367
90694
81752
29328
37037
65761
95559
33255
92960
38378
81537
26993
84730
14603
4146
2963
26158
66969
52
40516
52640
26504
89250
74358
64385
24921
44580
67773
18914
16239
68705
80725
30237
11152
27405
89894
75051
35108
12865
1735
60173
38781
93704
7129
63238
18343
59932
20302
63581
62692
53675
56452
13484
50658
56355
26472
19915
78837
33295
90833
1389
42804
21709
33569
23616
74482
78502
63407
69138
25344
39078
84966
39640
37405
79001
81297
60958
51378
53829
8302
80409
24094
20882
45932
27443
54064
78698
7333
41394
98449
7216
53436
86126
9070
43512
3171
28773
17725
16816
10889
73773
97450
2168
15250
32669
83702
51562
54860
25325
7198
90451
95862
6730
84919
36208
40273
24893
63791
32977
72662
30151
80587
14137
94656
24168
91809
10026
68560
92754
35140
59923
18740
71644
25222
86796
74661
36031
89071
88605
13703
17565
90878
99331
85734
29528
6509
44447
191
53952
38623
6183
39572
6014
21880
75287
89143
63259
10760
8195
48810
51278
11528
50645
39768
70501
48201
90385
89695
16554
43345
8071
33140
46429
72680
10502
56235
39637
27393
44463
39880
84009
65944
51511
91664
49298
52035
75533
95309
34723
60879
52453
52265
48707
78333
96244
3119
85676
56932
97588
45796
29198
369
37626
58846
58271
29848
58980
51912
12865
68474
75816
14948
46224
52552
76479
88815
63421
64828
82447
74176
41170
59672
79550
49461
47315
11670
30395
96817
25028
22416
32885
28916
1755
2744
51333
51266
62143
46543
53293
28322
36692
92488
21148
68609
21000
13635
63886
31398
98516
88414
88255
52684
46927
42806
82097
21974
52966
87041
33052
99455
26830
30095
7100
48486
88679
1839
21744
86126
48679
90305
99553
86222
33629
98714
83291
31153
76568
60595
20448
80977
86917
59132
12342
61945
84209
75578
49703
48012
72482
58104
92811
71130
19549
11372
15035
38338
41607
40729
83053
74131
87151
53989
74257
55284
95183
27967
42883
52209
30117
36746
8782
80535
37500
45603
74645
34768
15294
78286
60351
66165
31112
6727
25870
86673
24619
31189
83929
82727
70162
13754
16372
90049
29697
28329
65029
34873
89613
83179
27997
53991
8893
99200
72795
28913
92806
92731
81015
42620
29083
75382
85082
55183
38083
35656
35372
2452
43949
81572
86087
10223
56448
20873
63166
51874
43101
59861
41522
95074
75852
7091
42991
81755
99379
15805
10056
90954
85960
88359
23417
31962
2782
52318
57834
97382
28833
89060
6363
41751
10385
12097
41858
21694
76341
16057
72186
8622
6794
24524
90790
41232
36141
18518
31721
29879
81553
426
31048
55026
97268
85423
23696
43849
74028
15682
47433
56631
46761
5555
2857
93013
21577
92376
43221
55630
51149
45783
60084
93155
20625
96948
21326
95372
27584
20852
1536
32913
3927
97549
21291
34505
64597
47144
68025
85915
97785
38029
40494
58866
75112
12147
61749
91517
36231
88540
21560
89072
54108
46344
65549
63782
77809
82136
49373
44569
40041
91909
14197
23349
99351
10043
39242
85979
59670
44404
30780
7330
84215
44892
81536
20488
43643
91494
20247
22786
70536
16537
92552
11
57169
7153
18758
30293
31222
19780
61254
48679
84729
75929
3478
62514
87729
72017
97189
71517
38404
62518
17286
27569
4773
58000
76041
22948
17474
55421
21095
24659
97987
46572
9848
8454
13702
73577
17427
74451
43019
17921
98871
86928
43437
12277
39222
2001
23917
64671
83441
94844
45856
84567
21090
46176
69621
13295
99326
59409
65344
98561
77863
72011
84216
92675
39982
33270
39330
57065
47866
435
43698
30039
20996
58544
39367
149
18042
85521
25919
16722
77559
15350
18382
19660
31847
40439
70961
67068
10291
2859
76409
42678
52208
19600
26627
59240
32508
14453
47294
93425
43060
3932
82759
64823
2692
51744
17158
61546
74094
22472
333
35641
58644
12666
57681
35898
79606
69511
68056
26003
31681
54680
70760
54578
72267
37401
69950
91055
65486
13600
5650
81382
11283
99040
25663
52541
54596
65506
33486
64695
4916
39361
6177
22812
86072
23583
68927
17128
22639
74131
45156
72624
883
24517
94794
58460
93389
74154
95168
55072
13620
26253
15419
24080
63093
3158
675
56391
41895
63737
78675
8366
82577
24833
24256
89421
92621
85587
23445
65292
67873
84795
45687
80410
10187
94661
145
62824
83181
55721
60506
63821
94176
89774
24631
44628
91897
4838
41231
91763
46762
91180
55929
57849
23939
15289
5163
69801
35361
83677
22604
43315
10928
36692
59595
98932
20685
21724
96843
59795
85659
17937
6006
73593
62538
34113
32242
1185
4900
29024
18532
18109
14290
12893
56987
36886
3785
2253
30901
46712
95752
60461
48375
92098
34801
31712
37855
55787
18582
36859
59427
45147
62577
4302
91868
94950
12047
54322
62153
46798
86557
35334
72942
59056
99397
79218
51344
72208
55162
67736
43470
27918
71931
21602
72288
3030
86981
44415
52923
73635
91008
3926
63888
96325
95659
9597
52569
52023
16910
51893
94801
82782
12118
78337
87054
64963
88539
94354
53594
51532
45211
66935
273
82685
22358
48169
43937
1978
26580
30918
94157
87618
17137
23388
10554
7006
71811
89611
46947
35293
4341
48498
2672
56376
15550
89270
92283
81891
26002
12014
56489
11273
7786
63945
22850
25911
49673
91985
96005
80596
53642
9990
49757
10668
47910
30505
37133
70562
74629
3532
53694
56687
66669
22302
63733
7497
58623
75125
44522
79882
87200
62590
47430
13560
35378
74356
69280
66903
83333
35931
5641
15579
69281
33164
45409
42574
22361
29680
34587
63685
32531
47491
57300
66350
4621
85600
79883
91556
7062
90727
9607
82315
46462
35730
69892
88848
79248
9370
72508
9999
71371
11826
23783
35777
53806
99132
52424
39275
86186
87797
70737
83089
77703
83064
27469
32264
43312
96786
66160
92313
60938
94301
9113
11702
82992
84668
75689
43508
90747
99459
736
53568
40668
53701
26793
79361
7734
56394
5009
95312
885
22848
65539
80746
52848
63627
24867
52146
99175
60603
32388
90343
69484
75983
23694
82908
39232
58101
79474
12498
16498
77303
59390
86321
46489
52323
64440
64816
9723
55482
54852
51213
58714
88195
97786
75620
25918
79447
27455
39725
59616
58600
66358
25006
55973
12243
81134
94072
6690
76990
39236
11477
93568
5667
76286
26814
68552
51276
97242
71110
39572
82896
70424
21558
52289
16031
23182
64190
61142
12218
54669
77422
27808
22025
77687
86683
22016
64756
24698
17105
416
63375
48325
39420
87273
91845
4649
10054
15099
63899
73195
32418
72955
84100
85316
40665
93302
46074
57380
4802
79059
73742
51049
18040
6659
87036
18099
8567
94003
42420
55551
92076
41801
19506
27732
4714
56623
17312
34570
22492
2198
67428
8406
11851
60825
73361
10901
26185
35550
59268
54969
10057
40256
91742
66040
86430
27802
3796
15848
16589
23660
12264
89317
62128
9758
19084
60782
73752
35086
62762
26843
46076
70419
66858
57491
82620
89417
73277
91022
7179
47878
4378
99903
71841
68567
89254
40012
61153
30931
70506
96589
26192
90014
63176
47692
61835
53107
21616
33060
74194
98515
96853
66446
64505
62817
31722
55677
83113
80698
94778
69874
49275
29939
53436
23309
9804
42223
90182
37374
95880
21926
85206
68811
90796
29251
94997
25864
66487
71763
15312
38965
4001
90266
33059
70210
25840
71742
35535
14035
88545
29136
37746
52015
74760
59882
60089
39474
60635
91875
72655
39753
45375
65612
72487
49037
77767
37342
50972
8188
70618
68234
11557
63728
21752
26520
93235
70470
18659
83381
4596
11211
22596
13175
40472
3014
3777
63902
23162
97797
62811
92009
24635
6844
88500
4984
37277
4564
83182
13604
30048
422
87171
92091
98485
95819
45448
73062
60353
64517
21493
70623
18669
59249
60539
15881
71481
96132
54813
99321
41015
6359
23817
13440
16402
8870
32998
41442
43163
35054
13487
99400
62685
89231
87112
401
13713
53341
52973
5102
90718
92385
66673
75948
92041
61700
44458
46104
4189
78628
97877
4408
36200
13327
90653
6956
6141
25752
7999
36527
13131
96073
70085
82318
79423
73309
58006
2662
97002
88722
82969
27820
36009
83503
14858
1671
2092
14490
99152
28438
44641
45716
99903
24948
31342
93769
39921
5023
88236
69117
32696
7968
74481
75050
77341
97102
61584
2908
40408
24904
80152
64378
41459
48325
62123
48580
88349
40763
23582
70211
30484
80799
82817
16267
67356
49819
42784
41569
64335
95850
81304
93815
61466
52156
57074
80891
7207
21597
74388
45487
30350
89724
40652
25825
48454
89156
20386
83527
17234
69658
53593
18508
63850
81430
55531
38186
60431
44676
52722
78022
44014
46287
98395
71317
29596
35148
34470
42954
47737
54352
6786
71320
28902
17777
96856
3508
40972
43321
36
34237
2435
11954
92722
85029
62627
34041
50974
95712
22974
71402
93274
64392
21388
79133
44831
59059
97164
70369
8287
6759
34037
17530
8025
77255
5630
94888
52996
61711
53481
98963
48578
63475
41949
33639
2198
68431
25966
50789
92304
41894
30481
25207
59202
66422
26178
18925
89822
86782
49286
76299
27836
87508
60350
34528
27465
45067
41603
10629
92794
97906
49912
6522
49632
52456
43238
88841
63396
24332
95621
69480
14426
62356
99226
58823
19042
25798
93530
34926
63085
52189
56171
21811
93469
65809
52141
25301
27341
8673
92335
97651
18579
21599
2803
95461
35405
13654
38247
35582
54449
4643
97935
89066
36004
16523
48816
99518
75468
18924
55472
50000
39000
63902
78685
28883
85555
60077
56662
84116
31529
54107
6607
1763
55863
9603
75715
61156
35559
54551
16536
40257
94599
97608
2338
68884
54365
9697
42447
58084
37945
10316
36907
55577
85392
26330
69539
84007
67384
37320
81383
20603
70896
8738
91233
52005
67666
36697
69605
85346
33572
63364
15654
83144
80674
72419
542
54647
96443
11057
22385
2415
88955
96042
93715
66622
90087
50390
12530
41115
60476
49995
91554
42442
31116
96434
35544
80536
50495
49590
22798
13059
50362
67642
57904
18295
87398
35166
52964
2487
17883
63162
49369
1509
62498
38574
67049
82674
27739
89849
69440
90625
11688
79597
40815
59129
67786
83946
3018
39578
11277
22619
66199
9963
3854
92426
33713
7871
39423
98900
59285
51246
87398
35156
10950
89210
50944
23360
6153
17141
92098
7132
17084
83575
15367
18349
87672
43161
59814
21222
19333
79697
51316
96464
90815
62962
85194
39630
94556
75957
326
14904
65850
46305
64954
71641
39137
79713
83025
3859
52527
4691
71007
53679
82855
9318
21197
8176
51089
40925
14157
31789
47064
50374
74173
46255
67889
8450
90325
74149
31714
435
49469
12650
75011
22224
39180
14890
13790
88425
9998
39374
58785
88194
63430
71220
75923
10726
83065
25768
76437
78022
9547
10403
95394
13419
91718
62460
9881
14550
63520
3195
90426
26933
55331
11456
15576
11154
77523
66411
62514
15296
94885
2256
80498
68553
19589
51206
34400
18436
73290
38255
90069
80898
77771
45185
67144
36930
8784
96335
94530
60874
80863
40298
83593
12872
87639
49661
4452
58970
91194
94761
7134
88248
61109
94604
69614
29655
20917
93403
28615
66242
83617
70389
19799
85812
25391
26999
90046
73958
80432
28022
19979
55858
41386
47521
55726
11975
29748
50828
11330
69298
18513
63484
7381
14012
82630
7973
59556
77472
17181
61604
20659
18005
60395
9399
87886
50619
37915
79749
36148
25123
40874
43082
44340
64188
60982
77077
65462
80613
7618
19650
16554
42527
30136
95941
54934
93512
70711
85602
14268
11619
42184
22282
8739
12915
15728
87738
93207
90001
93121
74880
26156
61487
30251
44449
83715
62039
24497
43116
15607
14624
37415
7933
35640
12662
55886
36786
20194
61432
27518
11186
80521
43172
66151
95528
70403
64130
25871
542
24417
67403
58219
41159
69985
56509
3984
15881
60396
13381
27991
12010
93953
89125
52060
16261
2169
82806
63006
85744
30434
240
32517
62546
60841
31984
23408
61059
65123
12443
24549
62268
82101
31184
12381
37168
53877
85367
73662
35557
26113
5553
68557
44303
51789
21764
75213
33461
95209
45492
54231
92316
1561
84338
94013
83449
98073
53929
27928
26691
48965
28927
47021
89443
96845
87838
47332
33206
96317
75055
44852
33343
41717
48235
72890
50252
86427
79195
47380
20264
54840
72455
17456
70232
8580
30875
93522
89969
53050
13378
35514
57262
15077
99233
32162
59864
68961
17874
61427
79632
42839
82092
63583
94801
42276
49437
2298
46266
67902
32139
45292
70661
34067
47709
48750
58843
81362
67735
77317
93001
92701
84217
14770
99335
23405
66138
44857
57162
98482
21756
33541
88133
37970
72817
20252
1452
30127
89500
19034
58850
28793
37756
25075
59003
14835
76729
44350
97363
50053
29500
83859
78869
45998
74040
53451
21872
84546
51944
48717
87803
72806
98106
5655
41212
7128
3272
44766
45330
29673
33666
52273
7631
7491
73230
94159
85605
72563
83223
79605
96515
96866
42536
37074
19213
16344
41716
52157
4227
87111
22185
18890
44990
73157
56477
63391
84847
89619
89236
17585
75559
93010
41527
54547
40473
93991
26434
88535
47243
50975
78006
67677
95386
82695
14335
98784
32363
75155
72534
41103
3050
3462
33455
58122
61012
76613
45083
80363
88863
95972
62329
25669
46589
88555
91865
75342
84864
36492
93221
17396
18335
69768
687
36538
23208
65619
38257
51427
20310
78390
10185
37157
81162
53872
24703
67029
54381
46958
32099
55249
11440
47288
81702
45442
87410
34315
28369
29145
94194
7573
51293
73713
53437
39235
60536
35200
23374
73561
45015
64501
39143
63223
11604
8844
87504
39121
90006
95479
81931
27817
9183
79070
74570
92545
55394
58566
83861
20023
70781
98996
98401
56358
77863
52137
78676
54174
64993
37673
34949
97830
23463
24425
34285
78566
18994
34763
78631
33803
61224
24367
40667
55077
83587
13352
5516
62592
86752
73033
52642
67080
78767
97624
77170
46967
89638
75171
4397
15259
42178
65345
91549
20700
91542
53460
11469
28069
7104
41032
10489
34301
89672
16354
75674
56700
20958
54870
50506
88927
49697
37866
77201
57609
62860
90354
23823
30238
23438
68992
3591
86141
21890
94819
23411
96744
20687
19803
664
11588
80499
84570
92853
94899
291
23185
30995
37787
20814
2305
32379
9615
48895
28369
65057
95028
68993
45339
71212
73323
67401
68113
33464
61729
42420
38807
42181
24395
76009
42069
65374
18322
23964
6248
51994
91944
74434
99985
88671
12540
60403
85912
97626
61017
53364
50948
39982
24573
10559
28106
91756
63070
64683
73407
72671
74637
47189
48826
63137
85820
32256
32430
21901
76208
81617
58509
68446
68256
6507
67132
21378
8744
84113
27975
38295
28883
47759
16289
22754
92450
77934
62044
81739
12421
10907
27400
82237
12384
96151
20744
77036
3870
363
93739
82219
57587
36227
91078
69865
86031
15404
50480
43680
71130
92570
76023
53241
69766
91406
5481
55887
71298
41470
76676
89228
77595
4561
81512
29622
79880
85021
78587
73714
4220
87773
66599
58023
11897
64401
33553
21252
53033
89540
37723
55352
12730
10887
65458
82375
3524
21925
29741
29640
57448
67823
75987
42286
16141
12696
82325
28482
22457
97638
43914
80357
12612
27799
6905
81486
75197
86190
32449
33438
26393
70947
95781
97204
64788
45124
8276
20534
9302
81745
32306
37725
94598
91688
56560
38736
5259
51335
60591
39425
77983
91185
18182
99655
71955
38195
43036
82357
58735
65428
75895
36606
89681
19513
23111
52378
19511
98539
94967
92838
3605
1358
64767
23754
9459
84947
79574
90542
89655
69957
17796
68535
87872
5182
26224
53849
47922
91937
99112
9166
14485
71583
94308
32336
17450
53190
31751
3205
68534
18024
27175
59349
74889
27061
54915
92950
60163
55211
89290
10921
22370
28928
35756
41460
25826
42520
19586
26385
89721
38409
21219
47725
89116
58230
94636
81101
24045
29031
74062
8938
52266
39101
90462
15485
28283
20359
9546
76310
60663
46627
72732
81213
49068
74239
21914
3304
56435
33769
16355
73267
92862
85434
83942
1846
75511
15080
87383
6287
26688
50592
84996
26462
55276
81571
76014
67500
31738
23704
87276
8419
88087
43615
66491
61179
60668
607
1883
67532
7215
50569
15928
37450
86944
9997
26367
38276
77497
62555
87820
79078
18577
74813
71852
60889
51523
20699
75054
73925
22663
29658
44382
63816
62532
84976
51728
96902
50999
71080
63275
40647
12327
93724
42921
31605
8739
23989
20285
11815
25312
39026
65548
5378
66408
77361
55104
28216
76519
92668
21028
86888
27099
22201
73800
99936
67333
90693
34823
19080
59440
88213
95169
75613
15382
6450
2107
22253
26420
37659
73731
26346
64619
55978
71994
45575
25337
62762
59640
98324
16187
74140
74755
99091
17345
30470
6362
42818
59347
8192
18425
67892
53260
57793
28338
27991
55544
94897
86398
73253
70545
15375
92894
65052
81787
67777
26269
91678
63222
83576
88926
64563
55404
34364
71314
57677
75556
93075
33238
25053
20752
95948
92966
70437
47538
23565
19225
15844
46199
21418
94196
94684
21958
15724
35047
62789
35012
9409
63467
84967
32015
49455
91390
67067
24217
9157
58077
78423
89109
55385
80109
94356
11337
19763
90800
66388
22773
55035
45782
70432
13110
3132
31975
47845
67720
10171
90767
35920
3151
95823
69559
793
36268
9597
77174
69559
21444
96868
34391
31231
2157
33879
79580
15340
80302
66912
26546
10056
13170
69455
99018
95988
83691
85527
32674
27461
73996
49716
67514
78572
5337
60309
99133
98079
53919
26285
66261
594
355
49833
55829
11133
30286
54598
85530
62676
55138
7706
13020
81751
13168
6520
24806
45257
53680
69385
51734
89733
75843
79707
19671
11548
96902
63310
70038
86775
59824
52280
62794
81017
73296
60390
43019
52101
52860
92984
68902
38742
18725
69740
27943
36062
35048
24070
64185
54476
8839
2117
87031
54535
65205
44955
72961
71981
29225
60361
48793
73766
93110
51673
60616
43368
89443
35943
24281
45283
55270
45051
93165
36886
55761
62371
59026
37356
69191
16168
56342
35899
40733
80373
84521
11433
85155
95830
62316
41932
11845
86744
79217
62033
72452
22236
23732
47169
46580
51485
25774
74354
13002
71494
23693
61435
4051
38477
62244
10540
88139
21676
13612
14879
6570
29804
5199
23474
97989
44759
65022
87328
89951
20799
39502
2746
62229
8484
54382
48477
442
741
40751
86438
19714
73373
40488
54019
56677
53618
22625
40497
94970
92570
75501
24402
28870
93648
54312
20032
58378
21904
47408
62308
12375
66534
27383
52778
62241
7172
10373
3288
57424
18857
49060
61080
93614
78701
75766
83956
63542
27838
59713
69417
1093
7969
69426
78561
2300
73402
93503
8382
64060
99644
88306
33059
62582
82495
66908
33834
39013
34916
68967
50816
84011
98142
53642
17951
27601
17673
21954
58283
13444
52698
83658
35191
17997
23958
82124
72152
18875
63848
30042
6620
11428
36653
34955
60122
31598
35315
69803
98480
46387
72249
47566
90956
97261
82343
93703
1764
36592
86258
45908
78777
91217
35275
41954
66740
21955
18080
38660
50619
91256
59702
34845
79232
17623
55894
24693
73907
51726
44451
95174
30374
18608
34436
33148
53056
66182
9588
75687
47883
46104
13410
42904
20270
31718
12581
52647
89148
84449
45753
8899
72707
37456
23906
89857
51631
63136
32180
53491
29711
82166
12376
10480
58713
60890
43918
77310
93228
42526
843
84889
58524
73792
54655
52176
38446
80926
44232
40669
77254
18238
61910
19376
60887
34657
72337
30645
44212
32570
87865
25401
22966
64566
53250
1817
85418
65201
95425
35992
80629
59024
47658
23772
42425
48225
41059
86738
42560
80979
59815
34026
22129
74944
34081
19601
69595
3642
4229
2914
64516
97845
49709
19993
32634
13448
12968
37926
46028
56403
48199
95702
8491
16627
51939
47996
20281
84641
69263
76478
53134
99262
80564
54391
36667
28241
78642
74252
61967
33974
86660
76
7779
80070
26692
55974
10394
32452
67572
47339
43382
73725
29345
87206
30063
16530
89917
33270
49247
80302
31792
6513
42709
10351
23750
99792
13940
69145
30713
21299
5356
43188
83343
37759
40680
80552
87080
43527
26919
51108
37358
81125
21085
13049
26561
10497
81644
85426
9263
48853
92564
14371
86884
16153
29014
44613
21127
16498
21895
45023
63845
16655
73315
63675
95804
13131
54668
33403
59492
41362
72451
92558
43318
11848
91524
20557
33015
31287
58988
9616
33668
20591
95529
78486
59435
54510
95967
93860
17423
21645
947
46961
34228
46244
71276
81642
46049
41316
80219
34545
53763
38137
62841
90361
44022
43349
91722
10572
40539
4890
10929
90126
52664
28081
77987
23154
14798
66827
77014
60562
91697
19367
47582
52014
89551
90341
31435
24820
68481
33409
88959
72119
85067
31290
42147
98817
54049
37046
60179
66235
41853
82819
62853
57673
16038
61466
38794
88036
62888
63235
72327
71346
1792
63262
43633
20886
88391
78945
44195
95721
27193
45683
96375
77998
64753
73662
83830
93515
41967
17093
27476
15942
95433
3316
33867
30922
9974
26002
79862
97131
55562
99048
50743
84332
15181
30630
7822
21525
26999
1475
90341
31618
85322
29635
16163
4988
52491
43735
62473
22428
63215
63247
43840
22235
73846
55594
45723
40657
59810
54618
60087
7311
99922
63946
43098
74602
42298
35033
8590
38609
50321
35748
53188
77671
856
48740
86264
68306
55743
77284
33547
77205
82025
58524
74744
41275
95370
1621
70909
34172
87007
88080
95491
23902
37672
17400
39229
45182
23437
1601
92897
97927
28532
6492
31241
7766
11702
88749
89868
55063
43101
75328
68268
98027
33148
92328
9852
77027
5983
52601
42452
76876
54204
32571
68217
19743
30503
63273
72892
72391
92023
41075
6621
74689
83936
62220
93306
17913
32276
5489
22556
16074
38437
45779
5975
35484
68645
74460
58523
45340
19836
40204
55633
58374
53079
22313
28038
9872
74410
69950
69498
23718
63521
55440
41926
18184
61308
59742
76718
76540
18826
74277
24166
78774
99906
82359
17849
59172
63861
84853
54611
36980
65480
66821
77832
17818
6787
89356
89364
53780
71155
58203
16850
20949
2191
48003
88135
85318
3038
73070
84550
94285
92279
94961
26922
53285
17643
18988
54133
18821
90764
4830
43962
42017
75347
77245
13903
51840
76336
53837
24894
88876
9006
63188
69146
78627
33074
51590
99384
89708
5504
10887
44018
42240
26214
42329
51722
79672
57341
99071
65472
86487
67652
61622
4332
33150
83152
56298
30936
65345
7621
90074
12181
73943
43574
78697
89458
28622
59243
51385
77857
54638
9430
34243
24345
51698
10070
53543
28766
46175
69784
47512
88594
8961
12757
3376
19761
55445
83677
61469
75015
43739
10637
10846
5424
28649
94611
99346
10300
61386
37385
49514
65542
7753
19505
88065
22879
18381
38504
51304
14154
16027
20326
40495
77671
59109
64904
77274
72372
17193
59985
12429
70026
15549
90249
34755
70631
96449
74290
74916
13524
7809
6906
71086
75502
98720
34661
71042
3366
85229
15470
17447
13305
63322
455
5119
56430
64348
52478
44572
30452
90742
40712
59665
19648
35805
24317
44303
23597
10975
83341
29241
59934
96010
26664
7786
84882
58690
99496
75127
15851
26611
86418
95985
81535
73745
78180
51268
41616
41075
21217
45544
41559
85658
97062
3730
49695
46142
31826
85502
15340
73335
41802
29966
806
54742
51218
48760
42667
98279
61874
70981
92959
74229
43627
83083
46267
51389
31468
96321
20683
13457
36814
16112
99113
70241
42825
92613
10023
58911
43122
39624
93775
9647
53465
28939
88077
85308
78436
15234
74686
32753
68600
82995
97305
55662
83581
79806
99039
56559
8140
52856
28994
89761
2678
87199
47209
40529
19359
19390
17935
9871
93402
98436
74448
34467
46064
77645
88445
62869
70219
29149
31193
11363
21925
56846
89819
79539
26167
94812
46817
19515
33794
53599
6411
98893
68793
64804
15425
91906
75545
65551
92517
15975
93099
63999
80290
7682
25650
14857
59386
34744
78404
56516
70805
80104
63587
72872
51760
77816
89895
17433
6762
17078
52947
2306
1866
38394
57114
51151
88752
79800
19101
39992
77139
70562
89273
53317
5993
32181
58292
96207
60088
53155
34680
65321
68948
77247
75648
66445
43658
50186
9632
46296
3506
74697
66938
25545
22566
14640
51799
74036
55582
48793
85102
83216
72409
91832
52972
3337
11463
59243
77886
66429
66530
23750
3064
43101
50820
58328
24969
2812
4070
57215
73381
95784
93205
43818
61728
13217
46521
35382
41116
57081
80583
74586
71318
74578
57164
35261
34911
82008
24055
47407
86984
36277
17692
38658
91164
82405
9272
52218
16539
65894
22884
8154
79451
54831
79371
93922
63067
1250
33933
86140
2630
89435
55412
59551
5138
87345
26877
93740
50353
89959
82175
87448
45477
23871
98364
49982
12698
18293
78207
25889
36028
42323
87410
47528
15187
84315
212
94630
60707
99058
69250
92939
57091
54955
99763
63924
18358
60796
88377
76150
11688
98982
62012
82208
84010
2828
75824
68754
56180
36850
21651
11217
24608
75146
83451
17514
55473
95137
28162
84783
98363
13050
80120
74119
67449
36147
20192
63290
54427
23766
46835
22775
89963
91951
7801
22230
47666
57324
60823
82500
59904
40445
91709
69631
34827
32382
18192
10980
62640
78720
79830
9815
84195
47011
28456
8776
1487
92213
13173
29324
15723
96257
73906
46305
67814
1305
66017
31563
6074
32565
7142
59875
20225
85532
4588
53481
49961
68610
38489
14162
60184
27610
99259
30150
50978
37166
43393
87404
44425
31741
26417
63548
50747
94231
27846
97045
27467
43368
5599
91302
70982
81110
54624
38804
57017
57388
31496
27362
10939
5151
10226
76388
30307
59385
94490
35358
48924
22328
12667
5403
39045
44864
71698
31933
21817
21981
32545
30421
81122
87128
88180
73459
14287
39553
8246
47943
99210
95693
90682
4306
57561
59115
3819
60329
49666
70688
49388
64957
60770
96101
92362
63255
83036
39217
87984
29204
69481
29527
73318
69102
83897
81547
78753
65275
27255
40861
37527
49246
8157
35699
87664
34986
27541
2605
97684
8371
14068
79708
20299
95534
38967
9151
97332
7985
72408
48961
7781
7390
13829
86072
75850
61344
78212
91373
70781
57812
88721
8206
62754
46134
47005
92745
58092
18003
97995
82730
75233
78084
37110
78340
43721
83750
75638
6961
49643
49782
31012
33177
56340
36035
57594
58067
59655
12642
61193
1450
88636
18711
26626
23551
51201
63728
33618
87016
10361
18705
14664
64814
68803
51708
48761
2193
77940
44333
89698
45102
81374
24281
72701
12583
26408
40392
39481
66808
38327
33270
36597
66965
95646
63554
30389
19438
14082
23992
51087
78584
74356
78346
52449
82816
10930
52438
51675
87659
64969
40795
99606
39465
62951
487
16286
38089
23991
65909
67802
19658
41659
66763
25733
4640
17177
52882
91836
5251
54925
78284
31808
38232
41465
11085
85957
98536
85317
60082
22822
23374
15743
19858
61696
58559
40841
96193
88226
65428
18286
28566
8296
13391
62608
62921
66350
28156
78478
17703
80673
84509
32754
7145
76210
34487
39887
99071
99448
16952
74278
41519
91434
74376
47496
9917
40280
56630
94311
87613
95699
72993
32419
2882
84543
88903
52816
36476
82507
37527
67785
56438
34796
32550
31836
46364
71656
49614
98406
3569
31464
76231
95427
94682
18013
11682
50854
54123
71005
93528
35474
13556
8583
76304
76873
85141
86455
33852
86417
46290
80880
11079
58607
48081
68138
73289
56363
22531
48888
312
17906
78877
5742
27614
41603
27809
48011
74301
56098
70447
82485
57998
81771
72043
64012
52675
58794
25635
941
59551
98497
54103
5310
24205
72982
64539
29662
19400
34843
14087
21966
68550
92003
53288
53333
20184
66766
2993
2842
23852
57721
78450
2124
62427
5471
66399
60089
61488
25315
97086
14779
99314
91139
78500
59295
36057
77129
80899
30494
54868
81558
97179
67631
50821
72846
6260
92459
49123
88454
91879
75238
13479
47711
55156
66395
72650
97145
36480
8141
17973
76615
45501
94352
33264
29037
48218
79912
76519
23736
48813
94221
45541
92439
4459
80776
48959
77170
91758
62517
51801
14682
48410
62986
38625
48401
40700
92478
28621
96706
49664
19674
98700
32130
56563
95483
6807
38942
37958
80626
89223
15739
88250
744
21242
81985
30092
3934
28161
82235
14205
97847
97348
96316
59332
93401
90178
76626
91980
57731
22170
27772
10116
92390
11923
1065
32786
7204
90223
78676
91843
35015
42598
62049
70133
71417
17711
2020
69362
1
28943
96523
45870
66966
60353
66901
45940
57010
44806
18368
64151
78
75869
660
10346
50877
23571
27860
83093
89083
40655
33239
96175
85751
90296
48805
81298
69396
52207
48033
99324
96880
77790
45805
55924
56853
33270
15883
21193
1984
51273
10731
55603
40017
22650
46319
69972
27192
10359
1123
13883
43882
52947
25012
72240
13549
98246
18658
37835
11524
50842
61440
3857
4916
62406
11953
6534
25596
88565
26021
68497
59717
28092
46281
21352
72786
6274
60935
13549
99108
19858
98820
9938
71687
82760
98898
28929
97428
26178
82959
48879
54891
81735
65273
86447
19721
72215
45039
84325
60611
14310
37641
5610
83513
22507
54463
7925
11422
72617
47821
18021
89480
66796
37605
58676
59594
59229
81955
63219
82637
97215
96232
22799
62268
40941
34590
69797
23959
74024
82289
56459
48035
79113
62691
30170
46538
40176
72983
47323
7405
63021
4670
92925
35264
8169
59197
84061
95423
42814
59350
49251
93048
34837
92645
81340
18646
89706
20506
97883
10737
63013
66509
36799
38530
63651
97684
75445
89857
61085
27075
36785
44140
88921
93799
50685
51827
83450
39453
45373
77338
97687
1668
61151
22795
55900
3160
73111
83112
51411
28427
29209
29777
52363
68410
15149
54350
54261
57368
91846
98304
65628
31383
80451
45996
19949
66440
64054
9176
24376
95422
99314
58034
96620
76247
71513
69864
81685
67959
21333
45111
53513
22048
36186
87144
72876
2729
76516
66736
51258
55251
84369
41924
40230
49807
33222
17032
86064
4526
18594
17073
88859
42197
44997
8302
8516
53300
8413
35575
71526
25968
94115
6404
85737
73024
40795
13350
10029
37210
57395
54735
38050
61892
47636
67389
98684
48800
48006
23123
48962
84850
25972
65260
46106
96918
36780
86790
24480
39320
18333
84849
8863
80654
3153
54899
87072
85020
22362
4333
4582
55881
84467
50676
68817
86095
35822
82529
30532
3465
76250
55690
87502
46604
49561
13093
24115
5082
78295
26538
248
59549
81579
50299
12854
26656
24261
774
81987
47349
71302
19410
25693
62737
59294
46019
5466
68124
92524
2179
23324
30960
67363
11747
97470
32710
43508
3245
52269
72359
43697
86281
62960
29780
88747
35074
7468
97075
89773
56803
48395
87033
68007
40778
54599
48619
50119
57003
29706
22943
86226
72073
40767
6171
39244
20414
83082
10897
68380
27171
52006
66615
64028
69254
80974
98269
31485
16589
81199
29590
6637
39311
86238
41176
78640
81543
53940
88713
13696
47246
60363
32590
76760
8371
96672
12799
93065
71124
87902
82721
95339
71651
97738
69711
48819
93155
1461
4985
77746
84260
32675
91381
16555
32431
70964
66685
74440
68769
33705
9911
52092
17003
38255
92911
44062
25218
23506
10103
79797
63296
7716
2072
39075
37712
2786
1441
90165
5324
36153
41304
2798
64115
81475
72269
57679
44659
66764
26355
89782
48684
75710
46131
99533
49172
55735
69655
24327
58345
52518
77054
89765
91637
14422
71039
25111
42753
98259
38070
33692
97901
66754
24940
71689
63695
66536
91389
2615
67164
95266
67765
36974
74740
36613
72458
50697
94895
9589
42703
78511
66617
26309
85497
5019
47864
91214
6066
99849
25143
69211
17783
92955
39658
75258
40922
7736
16134
31386
85092
77157
21114
1388
624
61774
71834
43225
13930
88018
9865
33923
82512
82638
98987
99113
14678
97478
70295
50300
18983
83613
58103
83654
99742
28860
13064
56710
64962
84414
64604
80011
68623
90146
44759
8548
43090
88424
41824
74777
77963
99132
30722
77928
242
96907
63910
91941
75247
5510
24109
1325
68850
36505
43937
62597
80061
31795
90930
76526
6974
35439
10765
48934
16777
53946
32073
45195
33735
11056
25594
59617
73319
30899
83962
27233
89676
10736
61281
74779
22334
84865
33834
28353
49636
53112
1590
14768
50910
12960
51002
57762
15731
30811
1448
21123
84987
12752
88932
29730
94889
77627
33936
66833
76705
51828
80590
14721
30556
74728
37221
19813
54439
40305
44054
91304
94517
51694
26959
86469
23454
93915
46947
65077
2233
99449
95705
38033
21087
79022
47091
91108
55532
92141
63069
67688
63018
27188
21212
75616
28554
6824
68218
96217
84429
55557
1367
41076
96608
46337
38443
88794
97464
16597
1253
10037
70752
12885
82080
7787
16995
28573
99444
43725
27798
75145
25572
24323
42443
2255
26707
14709
35596
97343
76787
10722
47204
8358
57758
23560
58371
79435
67231
37100
28411
63278
52682
68776
97898
13747
61590
74574
88828
44606
87050
26388
10909
33335
37357
87653
43127
80143
63457
76265
62416
6805
2923
43708
62169
85557
80931
8293
78381
52995
29673
93013
24418
53040
73107
49037
73801
30662
4525
33755
20825
1096
86188
33481
57325
84798
57005
17991
92367
28704
70302
52436
17766
49304
94842
61400
13142
54145
83917
27420
78435
5932
60268
19331
35860
72972
6314
91168
51965
73818
15166
30186
71329
1194
151
29449
52505
10245
37515
38290
26035
44087
5073
35973
71756
37433
60473
80978
99370
78490
38686
33975
34835
91370
39732
28926
18659
52024
14024
56930
39249
29325
83466
88968
19923
92085
55680
8162
84605
88665
31019
68356
75412
50169
88592
79504
59211
45941
21524
97062
98386
84553
79672
47375
406
49268
60457
29487
91320
48551
17775
501
31499
81425
89500
4774
55733
98420
87605
9273
43917
58207
71989
65896
32002
61553
96774
91597
7804
21989
79657
50607
81687
35837
29471
659
95011
62693
49458
34290
52098
23091
60822
79352
24729
85289
42856
47709
67395
99358
99111
34770
26212
5317
99444
89514
14584
1749
18313
9527
38472
64949
69878
27464
98008
12495
57679
40672
20468
52955
86921
49041
3471
62242
2944
17137
84712
25862
72377
94374
37425
70699
33725
30038
38008
53862
18242
86931
14951
33587
22086
94553
69409
27041
78831
67185
33525
53894
92713
25245
38820
80095
20146
57451
36270
28053
90989
85928
46190
27388
2477
28206
38629
21864
40418
14024
99654
11592
41307
74515
34578
58250
84459
29605
9273
36571
46396
29041
17593
63698
50388
91437
14326
60742
38367
93340
71360
17600
4551
92516
41328
70659
85926
80459
79290
27781
33926
15385
14138
9848
79315
37542
14759
44660
87726
35035
21974
42529
64711
52807
92870
18394
5775
833
4818
87761
19276
51274
69950
17968
31262
24345
27763
99319
19737
49711
75600
6635
46205
7197
7391
13190
58560
62418
41049
57384
81614
68356
77660
57481
33039
77224
25460
94915
96967
19268
88981
53779
41566
68269
73642
66367
56067
40772
28746
69038
69440
11081
16689
66389
7657
81789
34508
47057
42617
96658
20325
70940
4370
80719
59727
13749
26484
48871
29942
25860
50
98046
30886
2261
52350
33576
72617
278
70378
87973
70451
77802
48541
11758
72882
11069
63024
22602
43926
92468
37537
25125
35090
55706
34609
45048
12175
94512
31879
21865
18452
33645
22108
41109
36915
35767
1084
74056
6955
33855
54515
48605
54905
21022
83259
15815
46151
6398
67666
26569
87420
55352
30121
68051
73430
58735
45962
91426
42814
10239
90839
66093
89192
52482
46326
75685
31880
20713
38965
81223
82193
20270
48569
23836
79249
94708
48635
24526
25294
84117
99991
48528
59970
72040
5287
77969
98730
49297
39658
34975
68009
16852
54386
15646
26955
82525
52980
64579
93903
8854
60913
24877
80927
44557
27361
26663
15869
83967
57977
20536
4209
71219
86070
94815
70830
95624
14070
67239
35306
91930
96477
78040
27494
57341
57460
30519
96184
41493
31677
31580
74248
50838
42130
56518
57736
77595
93553
58677
51343
49680
72660
57139
55150
89952
70443
84353
75208
52265
53129
80373
47609
77669
95982
86413
68825
64549
42674
24166
62144
48468
85915
47277
19141
11449
68715
29463
48627
49194
20162
83804
27634
93596
30811
73983
49593
48474
8983
10808
62175
33446
36195
62085
32432
84379
99356
2044
91741
44959
35045
79633
43963
92207
5811
77284
34603
22816
87839
83786
89416
50758
99309
94922
70574
57984
56486
48008
50262
98708
15676
55347
87062
89837
14489
15617
59185
74997
31678
78189
7038
31933
85219
46572
41362
5276
10038
47582
74171
39902
99887
41373
85820
54763
45913
58686
64465
13429
87586
47686
69648
19069
20229
30760
69732
6628
30682
6760
66704
67795
39019
11746
15477
78921
50959
32343
24957
64008
63468
60140
23697
55718
73397
39145
69943
6198
84449
97673
20528
30206
3666
29251
80867
30169
21522
76115
60695
93866
97272
43951
53382
56876
71104
34525
66025
99541
10424
96358
72462
68823
25051
31755
76645
27451
51489
18648
38020
14711
72823
27314
90117
17151
84091
95762
41252
43525
59435
81337
83047
49543
64856
94595
40858
22022
40811
53610
35201
87604
71393
74941
15436
78971
58177
74996
93441
54515
8862
83325
42981
52887
73392
67792
9611
466
24904
52038
10503
16783
67210
83703
91700
85173
27409
52302
9922
44388
80802
93521
96611
12876
63718
35999
93506
12950
38816
14777
90177
17601
36069
95969
35036
9042
42358
54440
54390
46419
56499
77464
31944
88203
7094
69582
43516
28917
80299
73725
80566
846
46876
35523
97076
45476
17844
87566
47770
82542
90621
41475
10641
2875
75351
57415
66613
46928
55413
889
60495
86026
90878
1332
75203
66570
66301
67871
87161
21135
7427
68492
78953
46693
35434
96650
70283
78037
21423
27288
30885
28163
56645
46088
11183
79615
68997
48447
22510
74261
47364
66286
29694
55249
28409
38110
61859
82417
9270
94958
3338
31573
75015
72407
57276
90391
81714
53514
74192
56829
47563
77653
38217
77694
39381
38607
18282
30523
26374
32276
60308
41355
32911
34051
32374
51005
80304
75886
56104
7184
37822
38857
33999
45372
51188
69365
9779
88277
19284
36091
24595
17351
25380
10741
3337
88057
21861
67887
99927
29249
55419
6923
51854
36905
95515
2823
38767
38518
27688
11692
20024
61350
95989
82067
69639
36822
66614
95958
54606
30588
52928
35343
26913
80702
50819
46694
86087
94044
66443
57602
32210
7994
68669
53517
19667
92982
95493
13116
79378
12656
97758
47313
73476
48895
47898
64835
58776
96782
35134
19993
49079
82209
15843
77781
32534
14706
68935
72023
87925
56200
18575
93346
44630
71035
82634
31827
29005
99723
95266
47337
84688
40601
34787
56228
89029
77469
30851
41586
45426
3437
31457
8016
32151
59974
87133
88188
20339
30507
49245
33726
72127
6991
39468
2132
80319
68562
12954
89227
70015
20213
62057
67101
81840
34131
36050
30049
44827
50372
5180
49918
87964
75004
11882
29662
89745
78261
91670
60720
50989
96544
47789
48379
50751
70432
23575
22853
67900
57945
88803
56061
21949
78509
68927
27539
20644
16141
22462
59642
36094
59201
26728
85710
49390
18221
76100
10616
88472
52556
13386
86946
15232
75814
61682
77747
44424
88656
862
5357
9676
85184
48039
17483
74886
23069
90175
91259
26739
14219
42621
2909
11318
64732
10163
86457
64569
80690
69664
10478
69599
74959
30961
17865
49795
46290
21529
91440
8039
6047
12060
50764
87791
24653
86946
38328
21181
27841
2687
68218
64270
70413
73086
22042
82897
41240
3919
90152
85053
54715
50000
69704
59850
72272
22237
90708
35181
77707
9251
81397
33728
4712
62546
20631
11525
31628
41163
55677
59658
42319
22236
37466
7484
49354
31415
37592
64584
18379
6973
74734
58076
46771
44735
9704
38643
12581
17017
6962
70837
48455
64939
85924
79807
55305
11633
79383
8039
20799
85211
3967
26761
73929
30046
51762
41266
63421
99447
45631
17321
37397
67701
46858
82841
81626
45057
278
86911
71004
13843
80466
16887
18326
61638
90299
7931
32880
51624
34908
35010
40336
2757
89770
91541
41775
76133
4187
67557
70960
66976
79973
44633
97173
7085
24744
82460
89888
88630
86489
7172
42666
43571
85314
58864
17993
22512
25990
12189
19724
52914
56071
85252
46070
27636
53609
67622
45549
42145
92381
66734
82704
7908
50056
45829
95478
52683
25943
15870
85006
91915
66968
5158
20830
57830
74807
103
12820
67012
95868
6295
85539
20964
69711
6281
38820
33154
95807
27487
1124
62808
34947
35102
15864
7591
5656
14120
46705
93800
52477
53229
97132
40612
12129
83037
34855
99496
76878
46694
19884
58989
45701
7355
11872
66612
881
94856
71065
58263
28364
30864
80165
93849
65151
13006
19465
45151
41726
47943
92516
2282
17632
86246
18781
33176
34658
4604
17211
12841
57910
81947
8698
33362
34782
3064
7545
67706
99357
59459
57841
9408
69049
48380
46436
14693
46979
89449
91473
22283
23882
43824
34904
3744
56042
55675
46831
86571
72790
86456
40153
68802
83104
96339
80353
65695
9162
81074
6966
17540
52368
8733
59782
8996
70316
86492
44608
39176
58029
53939
56521
76667
2462
89586
42242
36240
76169
75499
20736
93527
62382
63164
81293
60557
80007
14137
55517
29472
49741
54634
75647
8820
13365
50713
72150
91573
88183
62046
70215
1120
25931
93081
12011
26982
10100
31629
60156
96415
91964
21148
49005
59000
52314
68043
13748
89405
43065
65021
68428
88280
28245
91322
11268
65164
59637
74245
41853
44748
26605
81807
17914
91331
16580
85380
43327
42257
18509
41422
71219
82147
85566
2391
59640
51680
45740
7606
92150
7585
5005
79586
38081
61353
68875
100000
16852
57107
67502
23077
67535
19918
25238
11481
60088
73282
39727
6347
26422
46910
56965
75646
64874
25854
75823
88784
42891
48697
84861
99972
50549
70883
52854
15424
91773
53965
44160
56840
7193
17150
56491
15617
47967
24038
46008
83690
96703
86352
73172
27265
51590
10549
93300
85612
50137
66643
60208
25564
3043
91759
78481
11790
74051
67769
24187
95655
65068
54955
21461
11782
43346
90879
62610
83809
80073
142
60285
55468
33086
4633
16607
39216
25975
79488
19977
91727
20387
12476
85112
37799
7651
75933
39878
95098
64751
90884
81145
83284
11747
6743
67897
40408
62090
12557
52509
74376
80188
97302
1395
92787
80089
62503
84646
65484
35758
49736
31738
35315
3501
57842
26728
68247
86749
72124
81075
87178
32063
33552
91868
2471
23096
52331
69654
36987
90799
38248
89026
11254
3469
38077
66029
68414
78279
77212
4252
7421
86121
56096
64044
38769
2698
67461
14871
37387
57716
12472
75266
95087
3799
64504
41635
65207
74525
71871
90942
68179
65921
6158
63144
13385
95104
79195
92494
43363
76528
62831
80054
35393
20425
69628
4386
91142
25657
13903
25180
74196
2767
61165
69760
19514
14558
72681
66459
37600
45011
9206
90804
35441
91949
5802
31028
99193
36574
48033
63230
99484
1603
76450
68597
55065
94774
31679
10072
57517
81092
13624
18472
86324
1014
77035
33495
17155
21097
96016
80945
36131
20652
75242
82067
97525
23428
17269
55487
23258
9423
51483
9840
21100
45121
61741
98767
47545
13905
16801
2744
26908
14347
80846
73910
19721
73799
45734
75583
20064
8335
23865
71347
45592
66572
19453
38736
40081
71458
3284
24068
73973
37811
61757
63111
60398
6307
78091
96054
83004
58877
2720
24484
82012
92635
22993
62721
32997
91545
2767
14189
26574
10750
94380
61283
86282
43989
759
6815
40135
36681
14133
89727
97708
45359
55985
76523
18714
99095
25268
45474
2626
59
67733
83736
12544
54375
20461
64632
12865
72756
33250
69386
18534
63699
96110
15005
74640
98266
41550
1141
93318
86227
47705
73496
29166
20222
63703
43591
58501
46486
91629
13783
27664
97954
67163
66374
78543
39571
31476
74600
6115
80956
12801
68196
21615
5773
33040
87635
57665
91710
12032
45336
53028
23276
1020
76824
86901
76620
51709
70854
67047
25514
34893
877
98632
50686
18917
94527
15123
86001
80526
89300
83058
61875
65818
18873
25687
69946
19408
82906
25767
67239
70012
72893
16850
15991
75825
35333
70908
64467
84563
27006
72630
61118
16017
27300
93025
96097
30881
98137
90701
23158
36954
85392
54731
90415
40963
11338
20693
65465
46884
91353
30313
94477
49892
83881
46408
95879
12259
18246
72598
204
85579
50588
14680
63327
79691
94651
37950
85280
99067
19002
34312
77995
73988
77819
99392
97883
36061
1495
86241
66292
94829
5000
97421
86453
6296
95650
96538
2091
40144
33722
15938
81363
52982
71554
27475
2344
55669
17084
64626
91844
90142
99903
22965
61119
30054
95160
65483
29248
3232
44086
37642
58349
40867
67188
86477
77078
24879
7376
58642
43817
12585
38063
96484
61291
89673
64773
77086
52038
92951
10833
38289
4530
55683
11543
21626
71302
17337
85259
60246
9330
62374
6908
90650
1294
68723
20917
2725
71562
4618
51085
23249
73371
33565
7325
96254
88320
77910
49382
69145
30921
53965
65155
72403
85272
61985
29238
4803
9974
75154
93595
86747
99246
4178
15753
50799
19595
22230
93699
76421
67575
66584
20777
38209
34279
25664
38560
47723
84272
87930
73600
31380
13809
28511
69350
4242
92190
14807
39995
55513
54404
64061
96281
33047
65929
6245
3304
43686
85739
48806
41071
87599
86847
51129
68355
38922
59342
1310
86450
41896
95680
82356
44250
3383
95196
9533
92158
97373
19997
97221
51262
60190
91886
52290
79953
49975
15389
79424
93118
91637
53204
359
73597
12948
3538
46350
84200
8242
73829
49149
34109
46065
72901
89403
9374
87606
15271
1083
75611
79056
52611
85761
88507
56772
26253
5514
38195
33954
13914
16097
66720
956
38038
28376
823
69786
75566
76997
70180
42661
10801
75891
80430
70258
35016
15836
33056
36080
38450
2403
36934
72055
64630
86033
11312
84997
46550
10286
9367
29259
16054
75226
17782
30547
44268
30873
38374
43641
20666
3528
61329
47670
20029
69042
25611
14866
62448
94270
44023
6131
44330
75348
62924
62154
44505
80980
32440
99651
93693
74974
55092
9739
88396
7897
85559
97037
71625
81026
54101
31274
42116
63108
14169
89085
67106
54352
96818
56081
62715
15761
71785
83179
57764
61238
77258
48747
41600
14803
42320
4850
13120
77264
77088
82574
72535
5907
39539
81535
94074
94162
34798
68193
78065
29958
86311
58045
78710
96320
58759
74683
46650
95767
12472
18594
35115
9393
21844
94957
46238
66239
74903
62588
45306
61057
26271
27858
87514
62153
81515
14069
3750
26191
45347
10605
81734
12121
55535
42414
22347
43776
1120
81642
63960
73213
35734
91578
90221
7361
44422
21690
31841
64362
56293
99338
79345
68017
31842
5379
30247
73600
19759
49652
5213
22992
76310
87821
67294
12760
12066
51822
19943
48778
41923
7678
16622
14308
38870
68587
25803
46244
39462
93596
79165
17577
46277
46609
12766
66983
67431
47938
18768
44509
99970
23286
92191
17804
43767
15741
15210
66382
66189
42556
21000
26296
46767
52056
76609
92714
10676
27136
53380
66732
82752
39916
16036
63507
73524
32837
94139
48714
50654
5806
40083
9238
47509
51034
19365
56737
42551
94575
18677
24355
48937
32301
84831
65395
53359
17949
2354
51252
19406
75687
16642
61381
61341
45637
29839
32311
2328
36863
71890
55338
18085
91753
66174
36441
21521
49402
49792
13043
77171
41729
80391
4125
63981
42333
11592
34330
20407
93823
8909
63947
34791
89360
52043
77923
74004
29599
98550
67313
50993
53132
90115
40137
91294
24912
16830
17594
56018
48859
31575
78615
31718
81469
4226
70159
1464
1068
76516
95033
36352
73331
65850
80164
90070
39190
14444
18197
28468
3469
55544
30373
25913
79550
13846
9224
83791
9087
37823
35830
97058
27405
56655
91096
86800
87191
22381
31285
4791
24855
8259
68468
38955
21773
85379
95130
65802
47792
88981
19986
564
71359
60762
72222
46071
80649
34944
97695
71520
50945
84310
57252
10607
15998
71396
93875
68037
20867
41060
1246
13482
59734
23856
26131
16995
54392
94
72162
3745
40761
90980
82664
51266
38580
32439
81579
90356
80508
28974
56743
29569
7436
91199
40859
23452
88083
99720
14575
98441
70671
1258
25001
62560
75230
23811
6771
23023
38449
9874
55736
75325
19629
12788
19647
43119
46715
31348
62848
71034
59602
47904
36565
360
63173
13950
54087
67088
90016
45085
40237
50576
50319
36610
31186
42380
57368
11423
86619
66797
12999
7960
56403
16724
32257
19008
92976
56290
38265
94124
33239
25718
43195
20209
7243
52831
89860
19197
8276
63000
22410
19808
68618
91573
63881
63459
71917
84063
2606
32662
56214
8174
33483
62851
85611
20459
82959
73179
36683
27400
81364
59654
7800
59672
43525
85827
40353
40545
22654
45304
18288
96922
11825
86659
32115
34980
64290
17761
40932
49528
96045
54508
82190
83513
83315
31695
11470
1697
93137
69957
49848
50141
67413
66730
28611
34546
94003
93528
38489
91476
5751
58372
61615
83008
99869
11908
64783
38411
45485
88778
70836
2115
54976
21625
15038
12840
96259
41032
43238
58244
36321
65815
70888
83238
67346
46636
98555
50410
76709
30698
90625
7288
15625
53879
65012
88714
4666
62163
74053
34660
62662
38162
10776
64256
52535
75528
41216
38260
78406
22833
53674
14410
83042
98610
7077
90637
35091
17836
86805
70054
71749
4444
63129
95100
5273
39576
68907
59689
53823
16714
80380
56621
78320
95767
13378
15608
36519
10100
78040
91015
4718
36178
62324
33169
14440
29960
93781
20696
73296
42512
64031
55369
76321
29019
84198
29228
37210
52194
5238
88263
13198
63889
65250
37313
80795
12904
3017
64170
19450
69685
42425
61337
76742
8674
59624
72333
85321
31899
24703
80181
74220
60674
48674
18146
77618
31367
56294
3494
83176
63377
70994
55112
55599
47339
85984
34109
98061
17973
43770
44261
40305
6048
55138
81923
4291
4447
20785
74142
43008
92793
96557
63904
8015
57684
14059
49346
29640
32312
56968
40566
25080
10572
73018
20256
74848
6252
27622
92287
38255
97983
38073
81932
24372
89606
63382
14034
30706
6888
2378
87490
60893
20690
13088
84262
74695
79738
9056
71439
18651
44015
29905
99476
32586
22706
63556
59790
51490
88414
44507
25308
62412
5970
27307
29468
32110
24903
906
98166
45241
52054
98912
32734
41549
40646
18805
92039
35495
43566
24777
57456
22384
99921
20126
54108
47616
98200
98539
45910
78841
97684
84315
59623
61448
40014
90153
24380
95600
26995
18093
43905
1536
56305
75488
85818
10842
97700
18226
3995
80886
52241
62773
96055
65170
29372
6484
21272
4648
97532
18743
47876
11352
52380
66695
84749
28486
41230
81552
88169
96267
56348
76669
80691
28311
39186
32366
42382
34835
55571
46791
43420
90900
23884
37456
1490
10979
53471
22298
17334
6931
70605
78572
39877
41122
54948
13314
41474
67468
88230
22588
82616
45538
61229
29671
40753
18201
95068
28529
85170
37872
63870
88517
88383
5606
95543
9277
80096
33908
83550
64030
70342
91922
96625
2096
79009
60070
60221
91525
79840
91578
70966
63784
74598
36347
91356
95016
39194
948
88638
43775
89912
83923
22734
25081
58384
63839
6944
47935
36789
47320
5556
39206
93086
47958
95765
80960
78997
83658
66253
79350
62924
33299
65945
27817
28481
84947
96202
16830
50402
58175
22872
21327
69086
26310
56243
41610
80062
6735
48845
86551
50613
71763
12216
26977
42665
84374
41050
77457
89871
12317
8309
52856
85608
86005
46251
46976
59060
85774
46774
25729
85952
61317
60864
74354
61682
60522
37862
79878
98562
17382
56231
96600
4702
9937
6100
95427
77880
70035
4037
36222
79499
31418
17287
2046
34954
94750
2936
67007
29749
13465
89641
19013
16475
48559
91317
54105
28261
24360
45467
25941
69145
77113
70667
46982
37130
39602
51007
6244
87945
66407
87460
95620
12428
97151
80313
93599
44328
772
9790
76487
28816
3885
25569
39547
83275
3285
11639
93997
38932
85565
68474
33461
747
43180
2546
46216
76072
3326
64080
25899
62832
64383
48657
82750
54060
43295
60171
93497
64515
94497
32340
35961
60041
55455
83089
27163
35792
59856
81752
63505
58702
80946
82583
42938
3912
23436
99547
55530
61484
45213
67524
31510
3799
15340
33128
39336
21966
16377
29067
41819
32353
2334
57248
73081
9675
67844
94719
48655
7208
86405
86278
59964
7532
67992
47539
51616
43153
58866
70984
63311
48563
6809
92595
7113
57731
54078
21655
5613
46123
2213
12878
1860
17956
53043
4161
62755
34885
19806
49186
5388
35336
21764
35432
33172
19112
22647
74323
41302
71487
69048
88191
6111
11552
70023
71086
46165
97901
53340
3214
71096
22531
11374
79779
94052
42888
73548
93604
22277
70272
59222
65524
58704
26173
35726
60097
17181
77588
99265
16994
95567
64120
80854
28676
54045
29778
82182
98112
3561
92136
36352
1004
14506
82855
23814
36047
29296
35687
42969
874
57767
60079
83659
10445
72340
28820
39955
48908
77857
86331
89024
54449
21052
63592
54684
66630
72062
67178
95256
13918
44158
11756
52341
61889
9055
91724
18928
50484
90678
24214
94678
52158
48896
15043
76492
4792
9323
53194
2594
27073
36577
39092
77457
49277
95528
82408
46719
64011
6582
1753
39046
89186
38436
21000
57330
44123
85896
7511
59654
25397
69671
37135
11039
35692
4245
26626
33077
86216
22653
21661
76191
67413
81711
61461
43536
44438
7753
5127
45758
67261
98343
7206
74997
55128
86420
29992
97107
5586
58229
25921
17758
96015
6376
19653
67464
29649
53280
98032
71856
88470
15520
54348
32023
77252
95297
91743
30039
72424
54640
8619
91593
19935
88929
3096
92803
52029
3476
24843
16937
29060
36367
38486
82437
6693
43390
94404
63128
54670
79065
77575
86251
3763
16451
51158
23749
58972
92973
18987
86145
45836
75455
63176
41280
76480
12655
50415
31540
90309
83081
2557
1399
31886
83674
96163
27270
242
34735
20315
86094
14358
10476
40475
53828
40181
2175
92975
6522
58442
66040
82925
40745
96772
70224
13038
51369
55383
77358
13024
41541
80873
94642
50441
95891
59631
71595
52844
39900
9950
89824
8464
53092
22961
2188
11673
76216
36336
55336
11512
1310
45927
47904
84847
87575
34874
69218
19960
52264
79901
55160
94457
87498
58705
93845
1792
26763
43165
24491
63670
18429
91951
83430
96717
92697
64289
54223
74155
96117
46890
88594
98382
42954
84224
22974
45412
27656
98930
51096
3341
97812
58134
2756
8653
13302
96146
39128
51995
84771
11558
29362
90556
36771
21651
61833
76096
82517
37218
25457
46517
38503
95390
54076
34323
10425
15445
97245
77577
50248
51374
86872
92687
95500
62972
82442
83514
26539
87969
95520
14390
62888
11744
8048
34113
12809
37522
85947
91445
74497
94119
9369
40846
83525
3857
79851
41459
39002
8923
39186
77289
96301
59707
15626
93080
46287
51616
13498
67044
56919
43383
1182
92769
57959
99725
77383
75002
1432
83255
46595
22497
52356
86366
42946
75287
57327
47603
59987
93904
92112
68015
92193
73305
46714
32040
32063
71080
21324
88993
20437
80159
98494
47480
94203
84914
71484
87875
22300
77378
4829
54970
64719
48997
4853
88982
90652
53894
17501
88740
52191
89955
98416
50104
46427
42099
79490
50824
24795
61394
72363
64950
75884
65425
54533
10358
94454
90988
29136
76248
65927
49469
29379
82209
93165
63552
37657
9406
94678
79537
99647
48349
52321
86835
55901
50948
71489
60980
92750
76903
11090
78353
43275
22412
49156
47756
59492
41947
83856
77449
73591
60275
27158
68602
12199
58994
27402
74285
33772
49265
57031
38755
36458
40935
26788
39852
85887
59497
34304
26288
74192
71281
7528
55363
18122
80610
10323
65131
71003
69980
87774
19762
59802
68415
11016
28122
64310
29853
17539
20734
69452
99082
64938
91478
26976
19155
68858
29411
64794
7995
78644
58559
26352
80281
72846
3685
42954
51089
35784
98466
24397
87109
91173
74555
74408
42576
90893
63864
79749
62417
87342
81242
55787
3345
38764
30530
91453
63958
5247
21891
20721
77114
66287
65899
1650
9026
61103
45221
66915
56614
20973
35612
35022
69482
76578
97289
1655
67842
68972
11418
87958
80230
24324
64450
10588
72444
60313
16789
39943
96040
41193
82749
74455
78805
892
63689
44415
60748
775
94256
52784
66056
60618
24580
35055
7052
44325
45063
70638
8607
34201
4155
99929
34814
38141
92252
47070
10284
74927
34051
1711
78599
39521
92625
15379
23927
95832
64079
17055
72274
83018
24923
67152
50701
31595
20380
93164
92734
756
67235
67944
93059
84949
20081
53921
82691
80811
19009
68762
42217
71467
16924
4181
9957
80012
60231
59573
64690
68915
31231
37009
13916
51584
70223
283
559
48541
86243
21776
3771
52777
31891
91410
95068
54612
39840
17902
69011
99611
95459
86785
26337
21115
90589
71273
93122
25010
16422
7241
22876
87049
80382
93991
10510
11950
72649
58465
51354
3267
62475
8084
86857
97505
6513
97843
19649
83269
35720
63505
75853
37555
1497
56934
87464
3024
47389
11707
69748
58483
95306
8849
41621
77166
91625
48398
33338
18834
33995
68085
58887
2702
23673
15298
85186
56327
68114
54898
68774
3131
96110
26967
25852
34001
43729
17605
43454
44051
47216
49781
7232
75078
63188
47403
99103
2560
71877
50214
35807
7186
9823
37143
93590
91410
6077
33523
16469
30422
55806
57545
10881
90950
73670
21660
37942
82230
8747
13607
42395
58411
87338
41901
21547
41114
700
85610
93995
12377
41792
18074
10901
38559
90610
7850
44175
96789
23859
23453
64376
25312
52644
25185
25929
88238
77553
14171
11909
99416
55364
96430
40298
27906
58729
7163
4316
84625
73993
55999
32051
18599
95437
17255
24054
70667
47322
92474
86499
8092
97184
33303
90178
2258
98784
93883
32947
487
54495
6125
35078
58228
13742
78082
57464
59562
86292
3614
58579
7898
66854
21020
71478
82823
14433
55103
53052
42623
3569
57467
94304
81178
4513
33028
52239
56521
28935
77993
25127
13594
99347
10163
2556
1893
15936
47201
99088
10886
75240
98391
76496
57491
54132
6806
75634
11298
75675
92458
22063
82495
24438
90951
38957
31895
33923
18857
37624
20305
83614
76221
2172
61803
75078
85935
384
47956
51130
71807
23118
13311
96460
91836
39711
15481
5609
31839
58987
47803
17706
17563
88901
9694
92984
14974
55158
90536
35448
13202
52592
23012
39872
86549
17769
75399
69773
14407
29620
49048
73779
99086
1851
54340
58926
31553
27844
27585
85677
62015
96254
82942
7438
31338
81769
83562
85182
99585
78548
95758
19545
89105
84918
30033
53855
71644
7534
25819
68324
17758
42022
44568
92388
55196
28191
48874
65537
33436
82154
98514
91339
92172
25483
18281
12109
20108
75535
45617
54352
46098
18847
16498
38043
82501
45209
11218
46349
15577
466
3762
1497
45162
64627
70537
66291
31366
27997
31957
18194
23562
87897
35383
50815
75135
44419
18852
4872
74855
70221
64701
58132
59777
70439
77684
97004
95489
65447
36316
37610
98280
61193
9890
63624
2186
34941
1111
49542
97042
61420
90002
21882
71704
8612
87087
46583
93299
7640
43435
87485
39450
38607
36658
50032
57577
26925
15211
65244
83306
78612
34629
22972
42563
53412
47357
80229
31677
41437
99093
79302
70501
18310
82385
7316
25659
27912
42496
43533
4111
39057
52296
88425
75931
52061
63571
9115
13621
97651
5440
57319
93446
80474
84179
31678
4822
45729
76779
80782
31176
17197
96940
54796
71342
72991
75309
42319
28007
18301
20004
62144
60566
75063
34120
91585
24673
40766
92086
93073
35617
35399
35931
52775
87456
76745
65943
61477
39046
21730
94675
32331
19103
62936
56557
27845
78209
84586
60795
42757
11582
61974
6009
87354
73018
72029
93906
27536
52865
67842
55607
92529
13415
80423
81647
60565
82572
99521
55060
52253
36176
86510
51129
63274
71593
93817
2427
73361
22250
62155
74768
84720
28021
3947
56667
21237
98137
31847
22546
63449
37998
48387
5980
34401
40579
24346
36198
2671
44665
35002
97627
36212
93288
79674
33538
13999
29662
12746
74443
83475
62007
82908
81149
89841
95943
7921
75135
11893
32709
75163
65719
39576
6031
20575
3686
37522
58806
31678
98050
25951
46081
33109
43339
79388
11929
70712
88053
35660
50789
37593
98199
12025
76657
26005
74967
21580
82071
23138
99598
98805
22823
38988
44231
29616
41720
60354
91557
65353
78297
78368
13674
72896
77909
61651
72987
34755
68470
90782
68153
51481
27393
97469
72293
96715
33308
24692
24802
39498
15841
20626
75383
6179
92232
76960
96744
88360
38974
60572
9267
11939
98361
30861
38338
63592
67504
30477
65890
3018
51957
32828
8187
91943
68043
91825
5285
61098
62384
18105
4880
8487
78079
21226
8105
33200
13452
35198
30131
76232
23485
62901
37465
84020
95687
24885
93242
6225
63199
46506
44776
55970
41039
15761
77631
75845
8002
90089
62760
62194
48500
28516
43428
49936
7921
85420
77262
41466
61600
5775
28159
85282
1620
97378
80576
42510
10220
17714
5346
757
49842
26647
5460
15417
1988
7558
16670
43924
64895
62439
41628
71896
86425
47522
50798
16147
1186
78623
23175
97525
83151
87222
14601
55510
8743
53074
90986
95258
87068
15847
55123
88226
15544
98457
61236
52236
18839
24237
3528
7688
45581
95054
94507
87972
54622
91545
24348
90546
66015
88127
32550
7846
14836
83790
20284
93915
37597
12260
22900
87464
96264
68650
70630
82225
89216
81856
62605
91912
86969
12271
37487
84068
2002
4619
28501
7327
32744
4912
78228
99671
75890
41443
66968
15900
40804
48076
13159
82939
30697
34366
74848
37363
16354
40378
31777
76309
68126
44256
83896
64303
25843
12778
68470
47722
31721
58776
63690
21525
63651
99707
43423
46521
52623
49870
24509
8068
2256
3725
23721
41935
93601
57517
11970
8500
91214
19520
71359
98567
63989
68084
3618
47788
85085
93272
63176
83848
60256
26169
30893
18649
66819
47035
46812
22775
36186
35235
15816
35441
87433
77499
92865
64292
88039
15642
90805
64877
31254
25428
83482
58060
54856
61499
72435
1542
15040
58925
40466
65973
71992
10671
28550
24031
30270
7287
96818
66744
30160
11150
12246
86557
68407
90595
95951
98859
14705
12039
78751
80278
67358
65955
37001
94744
39953
29464
54437
58496
75666
22833
13301
84000
49901
88244
43914
3657
37787
88777
9407
30213
68104
83382
50993
15429
64248
21049
6364
67868
89407
98252
79954
61424
92318
71807
65547
99262
19853
16323
99073
62844
90587
59176
25651
77396
30036
14594
77289
82311
73461
99501
59994
75853
39407
50125
22586
59727
84922
28955
30446
35180
44158
61879
51201
2757
40887
14358
32771
69942
8727
7511
16930
1575
66390
45569
4176
62545
19345
26660
24035
75652
9053
56072
3276
82040
77892
19149
23844
47473
89873
90503
69201
66404
56719
86932
6960
97773
29639
25489
85760
73692
4811
80281
60273
69368
78393
90472
72600
54243
33794
61854
31538
69675
8870
97495
61366
77924
10606
36626
36682
31063
55110
36346
59133
11611
66572
8420
14769
57657
89761
51442
64281
63244
54143
9258
12825
78559
55402
42320
57858
86885
21543
11722
68512
30192
85281
71079
78721
43889
13730
27767
78801
20140
33493
7265
26757
20600
75812
61868
17317
13375
28022
87954
79308
88789
83097
25428
6888
40461
21671
84135
67746
67072
59136
72236
22913
55818
39540
11507
76485
17202
22436
68276
75614
10102
77062
33234
75896
47062
16452
74673
29232
68096
88741
44762
3662
22601
7810
99304
74070
45687
41791
4294
3934
44928
33111
23946
32173
3241
12495
46291
47297
8526
35175
75869
89075
57684
33808
51188
79298
96152
57270
63608
95965
63724
54528
78359
37014
64270
46583
60455
65322
49763
66582
54496
5444
79403
77146
33600
20574
95183
95223
30857
11799
13661
29647
78668
15431
89275
72205
37787
19757
69356
72599
3995
31
3295
32989
40198
15989
94503
74184
74342
83616
109
10958
44617
36956
14469
54603
28770
688
91661
95885
39803
9420
95744
56667
23633
75054
65110
74920
48802
32051
72790
86146
2933
58020
21491
9256
89697
68694
15751
26769
13216
72947
32421
88997
56613
76383
35637
64520
72965
38374
41792
2585
22700
11329
28398
33292
37336
45327
78168
41775
50135
27760
34923
98065
30839
38927
14499
64891
93055
56152
5011
24371
39391
47849
97414
55360
45535
27586
46120
4989
33677
83775
22161
20039
15371
53055
86090
7434
89213
79198
68495
34914
46090
92599
55702
59219
75787
92953
10066
32606
26102
55093
88468
72563
73874
44472
49454
4382
67184
403
51448
21433
25242
21302
27734
29041
45804
13090
68523
33195
4626
38205
7450
75141
50120
25204
47251
55401
38608
51355
26119
3248
5796
35174
71277
89967
96048
54111
73797
11357
65979
16061
4289
31042
50241
33975
98650
27416
86003
34960
9156
12674
75776
55610
83943
52630
48730
13438
808
50995
74985
14542
2635
77002
3471
69567
21976
74963
22404
33177
74418
25057
13089
31895
66437
31214
49922
52456
38304
60554
45100
27765
69051
72723
22129
34794
16469
3025
86021
80443
44118
5600
72834
35741
84929
34033
36781
29632
23799
35113
86423
37771
51553
58409
85583
46831
49351
57129
55066
85949
14619
38585
13036
61047
56997
74791
41915
78699
10252
65253
27560
26063
38177
41581
15050
19520
78660
46426
40386
21290
51865
77896
10497
31129
53352
61080
15202
61092
49196
73833
34260
71421
98933
89901
79810
33216
57075
71734
13760
2505
61437
79543
38227
27683
18168
75981
63197
37377
51663
5441
71086
43019
28285
57165
26096
74279
80953
74139
26605
58758
33925
42666
65161
67725
11491
35571
85916
42700
50303
89632
33272
48350
23107
16925
5589
35576
52816
89757
8070
74432
94224
58913
74468
67053
19849
90439
23642
43592
35438
91004
73841
41914
86572
94241
41572
85853
79308
43543
56184
40095
43480
75797
18579
56438
92285
75349
17810
51452
16054
79985
41966
99404
13736
27433
6426
68959
17246
48772
694
97025
80748
14600
18801
41446
77606
20844
69998
24767
61938
87898
72748
59369
63523
80952
81044
22330
57526
50878
49718
70643
29375
54549
14495
84404
89643
19313
36065
37153
4627
63477
86934
37610
97008
85565
83395
97533
96544
91964
67652
4450
3732
90205
91269
99960
71422
61544
46388
77537
52065
22906
88184
4726
95783
84981
649
40065
7872
42628
82756
39412
72990
41828
19918
70416
68899
70969
3473
37858
67570
46357
47541
17709
86830
3542
13057
76603
24660
34540
57357
65975
26413
81623
58672
69816
99799
43857
97729
62822
13144
94950
71038
69873
59049
35027
45937
65455
90397
54291
40198
91274
94913
39542
150
27541
597
8973
55884
72197
49324
44442
49738
43492
62109
45916
96442
45731
81941
56523
10969
61647
42993
4307
15211
67922
10473
80331
53098
70894
82337
81506
80825
45653
96802
31597
47506
33661
30668
40260
8079
27882
73503
10076
72412
72647
20189
89263
58082
22376
76133
88486
94411
31848
48677
4029
62965
81439
99594
71688
19139
56720
44244
84219
78676
57799
64958
47669
62822
7362
79746
70165
45671
24644
57733
49697
14850
83047
99850
48843
65559
65645
72624
67729
88122
90727
47536
24958
29244
89019
66917
57196
50730
38589
16077
31032
79403
7402
62931
52248
12170
81293
64670
71778
12081
6153
82916
78001
32861
88646
48524
78316
23025
1175
11747
29603
75643
77237
1715
82345
7385
82346
39022
16543
76119
81521
81272
57102
53318
975
74448
75748
79493
4121
99076
14117
70560
10056
65742
6833
44621
90025
29824
9606
89873
7569
59179
91355
57928
72949
34414
5345
60447
57715
7244
97351
44093
66123
96293
84228
87500
18070
70723
86069
63824
43797
41950
63245
4503
1977
64946
20334
78245
65758
54824
22672
13270
89995
33956
30680
92153
60187
39099
67713
45083
54359
36948
94103
7685
23846
69328
77976
64209
44722
69599
24085
70931
96676
47097
30953
78978
71826
91928
31371
1229
45237
32391
31188
51556
71889
70824
79464
45992
87703
25641
16412
35638
58781
40849
48921
1131
21416
36197
22791
78172
55141
48684
39588
59334
62216
25491
10935
68988
72658
78925
19568
71864
15280
36915
35405
43320
77697
5411
74068
90486
33015
23313
57382
10083
23512
90255
66116
2992
66596
17777
30079
75399
65094
56184
46508
61605
91997
23098
47461
17760
88829
17364
64616
79797
91303
83232
30321
26592
29954
95651
48768
83763
47664
95323
76
79537
4576
40159
2488
13596
71386
37228
89491
12165
21818
77047
53770
1817
33781
39633
61775
90591
48176
38908
61792
23419
30211
77348
7442
55464
32605
60924
91308
18600
96186
24794
67200
17119
516
2423
7798
169
85450
82985
10464
15831
61384
91234
66384
89072
23202
50840
34679
72049
74731
57010
41008
68827
16589
16379
57335
62090
25337
32647
7204
82697
81146
97661
58250
88791
19847
41014
81195
69490
10618
47644
6229
89847
65717
47754
60638
89867
55481
59545
8128
33949
17656
75200
42066
80691
43842
39547
41637
68483
37063
27114
43199
32617
58363
29803
71904
99071
86815
85586
85818
91721
63292
74371
78367
81372
74458
38432
34481
44812
49149
78089
72377
84037
7609
83814
66189
99836
49793
78079
83584
64402
26261
27574
14912
32527
72049
76584
26470
843
23936
46122
75438
47226
52212
91729
8573
64888
33673
45426
7051
25287
99100
11163
28420
66547
42874
62721
81459
43187
20335
44189
58620
26465
54189
56051
33207
25900
44294
62129
23459
11324
57491
15048
46150
40011
67406
27098
15198
60763
43092
93962
42947
6259
4848
36744
31548
11900
58036
77871
98974
58533
134
54755
30274
14349
48179
4980
62797
86350
11843
57422
80785
30932
86666
88266
99866
69131
75386
41985
31164
94201
64336
12927
4077
96549
4830
86852
87370
87055
84518
25770
45717
20396
1005
59929
25697
54228
58032
88490
31380
55775
59836
20957
5739
23422
24966
64650
55641
96785
3176
51448
31136
75553
69904
5441
1150
3680
10030
44496
82991
91853
19468
9912
37043
82482
42922
65811
54452
50937
88766
40550
84901
89984
18391
47376
86529
41761
55519
25964
60219
75375
44532
38868
79308
99388
62520
54805
41234
61806
16574
37883
52961
44115
86050
95208
76646
30065
44551
35379
61266
78363
6052
34080
8563
64757
90985
85765
1904
23467
69432
69278
20444
43271
26941
57976
65629
38721
23943
45698
38101
57251
51133
6845
26793
15139
49206
78933
3769
13163
40566
35809
42848
42731
63052
11175
48473
10043
5079
81201
70859
86476
18435
56542
15645
15595
27138
93645
76045
13998
1288
75580
77048
92843
81075
72598
87646
85946
2694
86622
31395
22751
93554
46697
92246
59772
18198
33626
65245
27413
54236
19374
41707
78004
59079
4548
29043
23066
53311
67580
20160
86015
15820
947
46689
69999
31794
33374
58514
78616
34586
99064
95971
72999
30039
92177
14697
98172
58267
84815
17727
4649
8104
95130
57142
22132
28774
83456
8789
10397
71288
63655
81801
1085
41713
5555
61163
69377
58973
92514
36512
21189
29807
71869
74048
80152
48244
17012
7468
87128
29509
39856
84494
9535
59050
3165
40481
69578
39146
85510
99160
6408
30068
72087
95829
82400
31121
94409
34630
3449
49693
31721
62668
27238
27767
94020
74664
10142
9393
23350
86772
67874
18582
75765
53589
45911
39127
96665
49718
63141
69282
69674
33299
62769
42312
92052
92116
84036
63683
4928
93676
77565
71962
73321
20292
43493
22540
97388
8816
14096
51411
52030
1079
28167
81551
75267
6360
68762
35209
28143
87094
13694
98395
77583
79123
82708
54080
65238
85218
2037
37867
51563
22617
24087
75142
84532
84739
1686
18835
85893
32705
86871
4426
51560
59880
35944
18786
77177
13098
61504
66134
69807
9463
15228
76576
54762
32724
42029
6709
29834
54465
43897
37619
73303
76730
87769
23961
97646
52321
82917
35634
29373
92812
35042
31450
76038
43073
32818
26771
37318
78419
20987
15362
10780
82882
29707
21563
12529
13726
67995
54601
98311
25188
83220
89432
32188
27713
33572
680
4715
28432
72298
83666
48611
58647
94409
44769
27621
18686
68393
36394
20166
9730
6010
34187
42724
59419
77069
29777
30993
77400
87054
88352
68367
64911
6969
53322
66334
98850
1838
58079
32511
22440
5925
5526
80115
80893
78534
95205
85521
85825
15650
79766
57566
88458
40502
2655
88390
95557
49507
11276
31565
61273
74955
14295
51621
4798
16987
70720
26202
49284
68916
1233
68620
10923
4265
79987
80354
68370
86397
25717
16155
81230
52569
78521
77268
65362
90438
67808
43825
45922
72782
79838
92218
11984
86281
82866
63457
75351
85255
63810
38790
79205
21130
43449
76721
80186
44157
1831
82551
20424
85509
90925
26920
8151
83898
30186
14917
63183
28307
15678
40324
95311
28220
32124
56368
87578
82182
14759
80968
64963
30152
88551
7748
25781
52406
96867
81896
91526
34510
79456
96845
85221
53765
72416
49578
51866
28791
12040
51791
36246
21726
38265
75316
96784
98961
73839
43340
9128
9148
98011
68219
8572
9037
75010
88716
9027
50435
61149
66890
10607
20474
22951
45221
41215
45484
47597
36446
48007
35019
17471
56752
12062
20676
243
32784
58287
43377
90808
71857
32085
33662
66416
41903
75274
48106
69058
11683
47699
12356
23133
75410
67567
86795
92785
44979
58985
35304
61961
60075
45508
73698
66881
70752
48801
10260
56182
98969
51882
55815
36532
42457
35233
84764
38288
31838
32433
75167
53755
2474
35676
41687
82675
92462
49603
71516
56850
87008
53309
54502
90397
52577
14973
78998
68575
98977
19439
46814
37237
6196
33770
88992
68568
94029
62953
58400
20022
52601
1200
71921
92805
43976
86656
65777
2341
78529
372
36471
64459
30987
33482
48768
33944
75080
65623
52859
19564
76755
54175
11048
19070
17687
16190
60110
36083
72184
17077
36661
95271
80538
25199
11945
10312
96860
99049
28656
94274
57529
82725
16582
4899
88280
18262
73428
74489
6449
50261
58832
77847
688
83789
95623
84310
74878
26317
94984
43659
5606
13772
81165
1589
3011
56197
64243
47817
65726
7239
56879
97966
22078
62735
21145
15284
79999
84922
7842
95485
28699
17399
57996
63428
20820
80067
58531
63862
35269
10999
10691
92128
68512
98822
26170
98858
16410
17210
44264
23139
9719
81152
39659
1171
25352
22503
71023
96672
12062
7642
55461
7076
89862
76338
48363
36659
96950
63024
50485
61484
97935
71631
61728
20671
54526
66650
77718
97119
139
56829
48073
73109
15531
80993
30897
21355
97917
83647
73427
98204
43767
23248
48528
65610
12273
15417
6952
27456
2017
42098
58421
9922
90186
66308
55967
29505
5742
48330
91109
39408
61544
96598
86770
40165
1239
88551
73287
13589
10105
81695
68463
30960
57882
88649
99454
21105
66883
75216
13673
61837
55851
17636
59756
20514
96085
77912
61588
96753
97734
99531
81205
44986
84723
85463
20381
2071
61434
72013
33067
46573
48837
21945
23781
65757
4746
23714
93865
91078
10252
14939
13154
69763
46931